0 2.300000 -7.230000
5 1.840000 -3.567100
10 1.472000 -0.746667
15 2.177600 -8.574934
20 1.242080 -4.602699
25 0.993664 -1.544078
30 -0.205069 0.811060
35 -0.164055 -7.375484
40 -0.631244 -3.679123
45 -0.504995 -0.832924
50 -1.403996 1.358648
55 -1.123197 3.046159
60 -0.398558 -5.654457
65 -0.318846 -2.353932
70 -0.255077 0.187472
75 -1.204061 2.144354
80 -0.463249 -6.348848
85 -0.370599 -2.888613
90 -0.296479 -0.224232
95 -0.237184 1.827341
100 1.310253 -6.592947
105 1.048203 -3.076569
110 0.838562 -0.368958
115 1.170850 -8.284098
120 0.436680 -4.378755
125 -0.150656 -1.371642
130 -0.620525 0.943836
135 -0.496420 -7.273246
140 -0.897136 -3.600400
145 -0.717709 -0.772308
150 -1.074167 1.405323
155 -0.359334 -6.917901
160 -0.787467 -3.326784
165 -0.629974 -0.561624
170 -0.503979 1.567550
175 0.596817 -6.792987
180 -0.022546 -3.230600
185 -0.018037 -0.487562
190 -0.514430 1.624577
195 0.088456 -6.749075
200 -0.429235 -3.196788
205 -0.343388 -0.461527
210 -0.774710 1.644624
215 -0.119768 -6.733639
220 -0.595815 -3.184902
225 -0.476652 -0.452375
230 -0.881321 1.651671
235 -0.205057 -6.728213
240 -0.664046 -3.180724
245 -0.531237 -0.449157
250 -0.924989 1.654149
255 -0.239991 -6.726305
260 -0.691993 -3.179255
265 -0.553594 -0.448027
270 -0.942876 1.655020
275 -0.254300 -6.725635
280 -0.703440 -3.178739
285 -0.562752 -0.447629
290 -0.950202 1.655326
295 -0.260161 -6.725399
300 -0.708129 -3.178557
305 -0.566503 -0.447489
310 -0.953203 1.655433
315 -0.262562 -6.725316
320 -0.710050 -3.178494
325 -0.568040 -0.447440
330 -0.954432 1.655471
335 -0.263545 -6.725287
340 -0.710836 -3.178471
345 -0.568669 -0.447423
350 -0.954935 1.655484
355 -0.263948 -6.725277
360 -0.711159 -3.178463
365 -0.568927 -0.447417
370 -0.955141 1.655489
375 -0.264113 -6.725273
380 -0.711291 -3.178460
385 -0.569032 -0.447415
390 -0.955226 1.655491
395 -0.264181 -6.725272
400 -0.711345 -3.178460
405 -0.569076 -0.447414
410 -0.955261 1.655491
415 -0.264208 -6.725272
420 -0.711367 -3.178459
425 -0.569093 -0.447414
430 -0.955275 1.655492
435 -0.264220 -6.725272
440 -0.711376 -3.178459
445 -0.569101 -0.447413
450 -0.955281 1.655492
455 -0.264224 -6.725271
460 -0.711380 -3.178459
465 -0.569104 -0.447413
470 -0.955283 1.655492
475 -0.264226 -6.725271
480 -0.711381 -3.178459
485 -0.569105 -0.447413
490 -0.955284 1.655492
495 -0.264227 -6.725271
500 -0.711382 -3.178459
505 -0.569105 -0.447413
510 -0.955284 1.655492
515 -0.264227 -6.725271
520 -0.711382 -3.178459
525 -0.569106 -0.447413
530 -0.955284 1.655492
535 -0.264228 -6.725271
540 -0.711382 -3.178459
545 -0.569106 -0.447413
550 -0.955285 1.655492
555 -0.264228 -6.725271
560 -0.711382 -3.178459
565 -0.569106 -0.447413
570 -0.955285 1.655492
575 -0.264228 -6.725271
580 -0.711382 -3.178459
585 -0.569106 -0.447413
590 -0.955285 1.655492
595 -0.264228 -6.725271
600 -0.711382 -3.178459
605 -0.569106 -0.447413
610 -0.955285 1.655492
615 -0.264228 -6.725271
620 -0.711382 -3.178459
625 -0.569106 -0.447413
630 -0.955285 1.655492
635 -0.264228 -6.725271
640 -0.711382 -3.178459
645 -0.569106 -0.447413
650 -0.955285 1.655492
655 -0.264228 -6.725271
660 -0.711382 -3.178459
665 -0.569106 -0.447413
670 -0.955285 1.655492
675 -0.264228 -6.725271
680 -0.711382 -3.178459
685 -0.569106 -0.447413
690 -0.955285 1.655492
695 -0.264228 -6.725271
700 -0.711382 -3.178459
705 -0.569106 -0.447413
710 -0.955285 1.655492
715 -0.264228 -6.725271
720 -0.711382 -3.178459
725 -0.569106 -0.447413
730 -0.955285 1.655492
735 -0.264228 -6.725271
740 -0.711382 -3.178459
745 -0.569106 -0.447413
750 -0.955285 1.655492
755 -0.264228 -6.725271
760 -0.711382 -3.178459
765 -0.569106 -0.447413
770 -0.955285 1.655492
775 -0.264228 -6.725271
780 -0.711382 -3.178459
785 -0.569106 -0.447413
790 -0.955285 1.655492
795 -0.264228 -6.725271
800 -0.711382 -3.178459
805 -0.569106 -0.447413
810 -0.955285 1.655492
815 -0.264228 -6.725271
820 -0.711382 -3.178459
825 -0.569106 -0.447413
830 -0.955285 1.655492
835 -0.264228 -6.725271
840 -0.711382 -3.178459
845 -0.569106 -0.447413
850 -0.955285 1.655492
855 -0.264228 -6.725271
860 -0.711382 -3.178459
865 -0.569106 -0.447413
870 -0.955285 1.655492
875 -0.264228 -6.725271
880 -0.711382 -3.178459
885 -0.569106 -0.447413
890 -0.955285 1.655492
895 -0.264228 -6.725271
900 -0.711382 -3.178459
905 -0.569106 -0.447413
910 -0.955285 1.655492
915 -0.264228 -6.725271
920 -0.711382 -3.178459
925 -0.569106 -0.447413
930 -0.955285 1.655492
935 -0.264228 -6.725271
940 -0.711382 -3.178459
945 -0.569106 -0.447413
950 -0.955285 1.655492
955 -0.264228 -6.725271
960 -0.711382 -3.178459
965 -0.569106 -0.447413
970 -0.955285 1.655492
975 -0.264228 -6.725271
980 -0.711382 -3.178459
985 -0.569106 -0.447413
990 -0.955285 1.655492
995 -0.264228 -6.725271
1000 -0.711382 -3.178459
1005 -0.569106 -0.447413
1010 -0.955285 1.655492
1015 -0.264228 -6.725271
1020 -0.711382 -3.178459
1025 -0.569106 -0.447413
1030 -0.955285 1.655492
1035 -0.264228 -6.725271
1040 -0.711382 -3.178459
1045 -0.569106 -0.447413
1050 -0.955285 1.655492
1055 -0.264228 -6.725271
1060 -0.711382 -3.178459
1065 -0.569106 -0.447413
1070 -0.955285 1.655492
1075 -0.264228 -6.725271
1080 -0.711382 -3.178459
1085 -0.569106 -0.447413
1090 -0.955285 1.655492
1095 -0.264228 -6.725271
1100 -0.711382 -3.178459
1105 -0.569106 -0.447413
1110 -0.955285 1.655492
1115 -0.264228 -6.725271
1120 -0.711382 -3.178459
1125 -0.569106 -0.447413
1130 -0.955285 1.655492
1135 -0.264228 -6.725271
1140 -0.711382 -3.178459
1145 -0.569106 -0.447413
1150 -0.955285 1.655492
1155 -0.264228 -6.725271
1160 -0.711382 -3.178459
1165 -0.569106 -0.447413
1170 -0.955285 1.655492
1175 -0.264228 -6.725271
1180 -0.711382 -3.178459
1185 -0.569106 -0.447413
1190 -0.955285 1.655492
1195 -0.264228 -6.725271
1200 -0.711382 -3.178459
1205 -0.569106 -0.447413
1210 -0.955285 1.655492
1215 -0.264228 -6.725271
1220 -0.711382 -3.178459
1225 -0.569106 -0.447413
1230 -0.955285 1.655492
1235 -0.264228 -6.725271
1240 -0.711382 -3.178459
1245 -0.569106 -0.447413
1250 -0.955285 1.655492
1255 -0.264228 -6.725271
1260 -0.711382 -3.178459
1265 -0.569106 -0.447413
1270 -0.955285 1.655492
1275 -0.264228 -6.725271
1280 -0.711382 -3.178459
1285 -0.569106 -0.447413
1290 -0.955285 1.655492
1295 -0.264228 -6.725271
1300 -0.711382 -3.178459
1305 -0.569106 -0.447413
1310 -0.955285 1.655492
1315 -0.264228 -6.725271
1320 -0.711382 -3.178459
1325 -0.569106 -0.447413
1330 -0.955285 1.655492
1335 -0.264228 -6.725271
1340 -0.711382 -3.178459
1345 -0.569106 -0.447413
1350 -0.955285 1.655492
1355 -0.264228 -6.725271
1360 -0.711382 -3.178459
1365 -0.569106 -0.447413
1370 -0.955285 1.655492
1375 -0.264228 -6.725271
1380 -0.711382 -3.178459
1385 -0.569106 -0.447413
1390 -0.955285 1.655492
1395 -0.264228 -6.725271
1400 -0.711382 -3.178459
1405 -0.569106 -0.447413
1410 -0.955285 1.655492
1415 -0.264228 -6.725271
1420 -0.711382 -3.178459
1425 -0.569106 -0.447413
1430 -0.955285 1.655492
1435 -0.264228 -6.725271
1440 -0.711382 -3.178459
1445 -0.569106 -0.447413
1450 -0.955285 1.655492
1455 -0.264228 -6.725271
1460 -0.711382 -3.178459
1465 -0.569106 -0.447413
1470 -0.955285 1.655492
1475 -0.264228 -6.725271
1480 -0.711382 -3.178459
1485 -0.569106 -0.447413
1490 -0.955285 1.655492
1495 -0.264228 -6.725271
1500 -0.711382 -3.178459
1505 -0.569106 -0.447413
1510 -0.955285 1.655492
1515 -0.264228 -6.725271
1520 -0.711382 -3.178459
1525 -0.569106 -0.447413
1530 -0.955285 1.655492
1535 -0.264228 -6.725271
1540 -0.711382 -3.178459
1545 -0.569106 -0.447413
1550 -0.955285 1.655492
1555 -0.264228 -6.725271
1560 -0.711382 -3.178459
1565 -0.569106 -0.447413
1570 -0.955285 1.655492
1575 -0.764228 -6.725271
1580 -1.611382 -3.178459
1585 -1.289106 -0.447413
1590 -1.531285 1.655492
1595 -1.225028 -6.725271
1600 -1.480022 -3.178459
1605 -1.684018 -0.447413
1610 -1.847214 1.655492
1615 -1.477771 3.274729
1620 -0.682217 -5.478459
1625 -1.045774 -2.218413
1630 -1.336619 0.291822
1635 -1.069295 2.224703
1640 -0.355436 -6.286979
1645 -0.784349 -2.840974
1650 -1.127479 -0.187550
1655 -0.901983 1.855587
1660 -0.221587 -6.571198
1665 -0.677269 -3.059823
1670 -1.041815 -0.356063
1675 -0.833452 1.725831
1680 -0.166762 -6.671110
1685 -0.633410 -3.136755
1690 -1.006728 -0.415301
1695 -0.805382 1.680218
1700 -0.144306 -6.706232
1705 -0.115445 -3.163799
1710 -0.592356 -0.436125
1715 -0.973885 1.664184
1720 -0.279108 -6.718578
1725 -0.223286 -3.173305
1730 -0.678629 -0.443445
1735 -1.042903 1.658547
1740 -0.334322 -6.722919
1745 -0.267458 -3.176647
1750 -0.213966 -0.446018
1755 -0.671173 1.656566
1760 0.463062 -6.724444
1765 0.370449 -3.177822
1770 0.296359 -0.446923
1775 -0.262913 1.655869
1780 0.789670 -6.724981
1785 0.631736 -3.178235
1790 0.505389 -0.447241
1795 0.404311 -8.344376
1800 -1.176551 -4.425169
1805 -0.941241 -1.407380
1810 -0.752993 0.916317
1815 -0.602394 -7.294436
1820 -0.981915 -3.616716
1825 -1.785532 -0.784871
1830 -1.428426 1.395649
1835 -1.142741 3.074650
1840 0.085807 -5.632519
1845 -0.431354 -2.337040
1850 -0.345083 0.200479
1855 -0.276067 2.154369
1860 0.779147 -6.341136
1865 0.123317 -2.882675
1870 0.098654 -0.219659
1875 0.078923 1.830862
1880 1.063139 -6.590236
1885 0.850511 -3.074482
1890 0.180409 -0.367351
1895 -0.355673 1.717140
1900 0.215462 -6.677802
1905 0.172369 -3.141908
1910 0.137895 -0.419269
1915 -0.389684 1.677163
1920 0.688253 -6.708585
1925 0.550602 -3.165610
1930 0.440482 -0.437520
1935 0.852386 -8.336890
1940 -0.318092 -4.419406
1945 -0.254473 -1.402942
1950 -0.203579 0.919734
1955 -0.162863 -7.291804
1960 -1.130290 -3.614689
1965 -1.404232 -0.783311
1970 -1.123386 1.396851
1975 -0.898709 -6.924425
1980 -1.218967 -3.331807
1985 -1.475174 -0.565492
1990 -1.680139 1.564571
1995 -1.344111 3.204720
2000 -0.575289 -5.532366
2005 -0.460231 -2.259921
2010 -1.368185 0.259860
2015 -1.094548 2.200093
2020 -0.375638 -6.305929
2025 -0.300511 -2.855565
2030 -0.240409 -0.198785
2035 -1.192327 1.846935
2040 -0.453861 -6.577860
2045 -0.363089 -3.064952
2050 -0.290471 -0.360013
2055 -0.732377 1.722790
2060 0.414098 -6.673452
2065 0.331279 -3.138558
2070 0.265023 -0.416690
2075 0.212018 1.679149
2080 1.669615 -6.707055
2085 1.335692 -3.164433
2090 1.068553 -0.436613
2095 0.854843 -8.336192
2100 0.183874 -4.418868
2105 -0.852901 -1.402528
2110 -0.682321 0.920053
2115 -0.545856 -7.291559
2120 -0.936685 -3.614500
2125 -0.749348 -0.783165
2130 -1.599478 1.396963
2135 -1.279583 3.075661
2140 -0.523666 -5.631741
2145 -0.418933 -2.336440
2150 -0.835146 0.200941
2155 -1.168117 2.154724
2160 -0.434494 -6.340862
2165 -0.347595 -2.882464
2170 -0.278076 -0.219497
2175 -1.222461 1.830987
2180 -0.477969 -6.590140
2185 -0.382375 -3.074408
2190 -0.305900 -0.367294
2195 -0.244720 1.717184
2200 1.304224 -6.677769
2205 1.043379 -3.141882
2210 0.834703 -0.419249
2215 1.167763 -8.322822
2220 0.434210 -4.408573
2225 -0.152632 -1.394601
2230 -0.622105 0.926157
2235 -0.497684 -7.286859
2240 -0.898148 -3.610881
2245 -0.718518 -0.780379
2250 -1.074814 1.399108
2255 -0.359852 -6.922687
2260 -0.787881 -3.330469
2265 -0.630305 -0.564461
2270 -1.004244 1.565365
2275 -0.303395 -6.794669
2280 -0.742716 -3.231895
2285 -0.594173 -0.488559
2290 -0.475338 1.623809
2295 0.619729 -6.749667
2300 -0.004217 -3.197243
2305 -0.003373 -0.461877
2310 -0.502699 1.644354
2315 0.097841 -6.733847
2320 -0.421727 -3.185062
2325 -0.337382 -0.452498
2330 -0.769905 1.651577
2335 -0.615924 -6.728286
2340 -1.492739 -3.180780
2345 -1.194192 -0.449201
2350 -1.455353 1.654115
2355 -1.164283 -6.726331
2360 -1.431426 -3.179275
2365 -1.645141 -0.448042
2370 -1.816113 1.655008
2375 -1.452890 3.274356
2380 -0.662312 -5.478746
2385 -0.529850 -2.218634
2390 -1.423880 0.291652
2395 -1.139104 2.224572
2400 -0.411283 -6.287080
2405 -0.329026 -2.841051
2410 -0.263221 -0.187610
2415 -1.210577 1.855541
2420 -0.468462 -6.571234
2425 -0.374769 -3.059850
2430 -0.299815 -0.356084
2435 -1.239852 1.725815
2440 -0.491882 -6.671122
2445 -0.393505 -3.136764
2450 -0.314804 -0.415309
2455 -0.251844 1.680212
2460 1.298525 -6.706236
2465 1.038820 -3.163802
2470 0.831056 -0.436128
2475 0.664845 -8.335818
2480 0.031876 -4.418580
2485 -0.974499 -1.402307
2490 -0.779599 0.920224
2495 -0.623680 -7.291428
2500 -0.998944 -3.614399
2505 -1.299155 -0.783087
2510 -1.539324 1.397023
2515 -1.231459 3.075707
2520 -0.485167 -5.631705
2525 -0.388134 -2.336413
2530 -0.810507 0.200962
2535 -1.148406 2.154741
2540 -0.418725 -6.340850
2545 -0.334980 -2.882454
2550 -0.267984 -0.219490
2555 -1.214387 1.830993
2560 -0.471510 -6.590135
2565 -0.377208 -3.074404
2570 -0.301766 -0.367291
2575 -0.241413 1.717186
2580 1.306870 -6.677767
2585 1.045496 -3.141881
2590 0.836397 -0.419248
2595 1.169117 -8.322821
2600 0.435294 -4.408572
2605 -0.151765 -1.394601
2610 -0.621412 0.926158
2615 -0.497130 -7.286859
2620 -0.897704 -3.610881
2625 -0.718163 -0.780379
2630 -1.074530 1.399109
2635 -0.359624 -6.922686
2640 -0.787699 -3.330469
2645 -0.630160 -0.564461
2650 -1.004128 1.565365
2655 -0.303302 -6.794669
2660 -0.742642 -3.231895
2665 -0.594113 -0.488559
2670 -0.475291 1.623809
2675 0.619767 -6.749667
2680 -0.004186 -3.197243
2685 -0.003349 -0.461877
2690 -0.502679 1.644354
2695 0.097857 -6.733847
2700 -0.421715 -3.185062
2705 -0.337372 -0.452498
2710 -0.769897 1.651577
2715 -0.615918 -6.728286
2720 -1.492734 -3.180780
2725 -1.194187 -0.449201
2730 -1.455350 1.654115
2735 -1.164280 -6.726331
2740 -1.431424 -3.179275
2745 -1.645139 -0.448042
2750 -1.816111 1.655008
2755 -1.452889 3.274356
2760 -0.662311 -5.478746
2765 -1.029849 -2.218634
2770 -1.323879 0.291652
2775 -1.059103 2.224572
2780 -0.347283 -6.287080
2785 -0.277826 -2.841051
2790 -1.222261 -0.187610
2795 -0.977809 1.855541
2800 -0.282247 -6.571234
2805 -0.225798 -3.059850
2810 -0.180638 -0.356084
2815 -1.144510 1.725815
2820 -0.415608 -6.671122
2825 -0.332487 -3.136764
2830 -0.265989 -0.415309
2835 -1.212791 1.680212
2840 -0.470233 -6.706236
2845 -0.376187 -3.163802
2850 -0.300949 -0.436128
2855 -0.240759 1.664182
2860 1.307392 -6.718580
2865 1.045914 -3.173307
2870 0.836731 -0.443446
2875 0.669385 -8.341454
2880 0.035508 -4.422919
2885 -0.971594 -1.405648
2890 -0.777275 0.917651
2895 -0.621820 -7.293409
2900 -0.997456 -3.615925
2905 -1.297965 -0.784262
2910 -1.538372 1.396118
2915 -1.230697 3.075011
2920 -0.484558 -5.632241
2925 -0.387646 -2.336826
2930 -1.310117 0.200644
2935 -1.048094 2.154496
2940 -0.338475 -6.341038
2945 -0.270780 -2.882599
2950 -0.216624 -0.219602
2955 -1.173299 1.830907
2960 -0.438639 -6.590202
2965 -0.350911 -3.074455
2970 -0.280729 -0.367331
2975 -0.224583 1.717155
2980 1.320333 -6.677790
2985 1.056267 -3.141899
2990 0.845013 -0.419262
2995 0.676011 -8.322832
3000 -0.959191 -4.408580
3005 -0.767353 -1.394607
3010 -0.613883 0.926153
3015 -0.491106 -7.286862
3020 -0.892885 -3.610884
3025 -1.714308 -0.780381
3030 -1.371446 1.399107
3035 -1.097157 -6.922688
3040 -1.377726 -3.330470
3045 -1.102180 -0.564462
3050 -1.881744 1.565365
3055 -1.505396 3.205331
3060 -0.704316 -5.531895
3065 -0.563453 -2.259559
3070 -0.450763 0.260139
3075 -1.360610 2.200307
3080 -0.588488 -6.305763
3085 -0.470790 -2.855438
3090 -0.376632 -0.198687
3095 -1.301306 1.847011
3100 -0.541045 -6.577802
3105 -0.432836 -3.064907
3110 -0.346269 -0.359979
3115 -0.277015 1.722816
3120 1.278388 -6.673431
3125 1.022710 -3.138542
3130 0.818168 -0.416677
3135 0.654535 -8.320842
3140 -0.976372 -4.407048
3145 -0.781098 -1.393427
3150 -0.624878 0.927061
3155 -0.499903 -7.286163
3160 -0.899922 -3.610345
3165 -1.719938 -0.779966
3170 -1.375950 1.399426
3175 -1.100760 -6.922442
3180 -1.380608 -3.330280
3185 -1.104486 -0.564316
3190 -1.883589 1.565477
3195 -1.506871 3.205417
3200 -0.705497 -5.531829
3205 -0.564398 -2.259508
3210 -0.451518 0.260179
3215 -1.361214 2.200338
3220 -0.588972 -6.305740
3225 -0.471177 -2.855420
3230 -0.376942 -0.198673
3235 -1.301553 1.847022
3240 -0.541243 -6.577793
3245 -0.432994 -3.064901
3250 -0.346395 -0.359974
3255 -0.277116 1.722820
3260 1.278307 -6.673428
3265 1.022646 -3.138540
3270 0.818116 -0.416676
3275 0.654493 -8.320840
3280 0.023595 -4.407047
3285 -0.981124 -1.393426
3290 -0.784899 0.927062
3295 -0.627920 -7.286162
3300 -1.002336 -3.610345
3305 -1.301869 -0.779966
3310 -1.541495 1.399426
3315 -1.233196 3.077558
3320 -0.486557 -5.630280
3325 -0.389245 -2.335316
3330 -1.311396 0.201807
3335 -1.049117 2.155391
3340 -0.339294 -6.340349
3345 -0.271435 -2.882068
3350 -0.217148 -0.219193
3355 -1.173718 1.831222
3360 -0.438975 -6.589959
3365 -0.351180 -3.074269
3370 -0.280944 -0.367187
3375 -0.224755 1.717266
3380 1.320196 -6.677705
3385 1.056157 -3.141833
3390 0.844925 -0.419211
3395 0.675940 -8.322793
3400 -0.959248 -4.408550
3405 -0.767398 -1.394584
3410 -0.613919 0.926170
3415 -0.491135 -7.286849
3420 -0.892908 -3.610874
3425 -1.714326 -0.780373
3430 -1.371461 1.399113
3435 -1.097169 -6.922683
3440 -1.377735 -3.330466
3445 -1.102188 -0.564459
3450 -1.881750 1.565367
3455 -1.505400 3.205332
3460 -0.704320 -5.531894
3465 -0.563456 -2.259558
3470 -0.450765 0.260140
3475 -1.360612 2.200308
3480 -0.588490 -6.305763
3485 -0.470792 -2.855437
3490 -0.376633 -0.198687
3495 -1.301307 1.847011
3500 -0.541045 -6.577801
3505 -0.432836 -3.064907
3510 -0.346269 -0.359978
3515 -0.277015 1.722817
3520 1.278388 -6.673431
3525 1.022710 -3.138542
3530 0.818168 -0.416677
3535 0.654535 -8.320842
3540 0.023628 -4.407048
3545 -0.981098 -1.393427
3550 -0.784878 0.927061
3555 -0.627903 -7.286163
3560 -1.002322 -3.610345
3565 -1.301858 -0.779966
3570 -1.541486 1.399426
3575 -1.233189 3.077558
3580 -0.486551 -5.630280
3585 -0.389241 -2.335316
3590 -1.311393 0.201807
3595 -1.049114 2.155391
3600 -0.339291 -6.340349
3605 -0.271433 -2.882069
3610 -0.217146 -0.219193
3615 -1.173717 1.831222
3620 -0.438974 -6.589959
3625 -0.351179 -3.074269
3630 -0.280943 -0.367187
3635 -1.224755 1.717266
3640 -0.479804 -6.677705
3645 -0.383843 -3.141833
3650 -0.307074 -0.419211
3655 -0.745659 1.677207
3660 0.403472 -6.708550
3665 0.322778 -3.165584
3670 0.258222 -0.437500
3675 -0.293422 1.663125
3680 0.765262 -6.719393
3685 0.612210 -3.173933
3690 0.489768 -0.443928
3695 0.891814 -8.341825
3700 0.213451 -4.423205
3705 -0.329239 -1.405868
3710 -0.763391 0.917482
3715 -0.610713 -7.293539
3720 -0.988570 -3.616025
3725 -1.290856 -0.784339
3730 -1.532685 1.396059
3735 -1.226148 3.074965
3740 -0.480918 -5.632277
3745 -0.384735 -2.336853
3750 -0.807788 0.200623
3755 -1.146230 2.154480
3760 -0.416984 -6.341051
3765 -0.333587 -2.882609
3770 -0.266870 -0.219609
3775 -1.213496 1.830901
3780 -0.470797 -6.590206
3785 -0.376637 -3.074459
3790 -0.301310 -0.367333
3795 -1.241048 1.717153
3800 -0.492838 -6.677792
3805 -0.394271 -3.141900
3810 -0.315417 -0.419263
3815 -0.752333 1.677168
3820 0.398133 -6.708581
3825 0.318507 -3.165607
3830 0.254805 -0.437518
3835 -0.296156 1.663111
3840 0.763075 -6.719404
3845 0.610460 -3.173941
3850 0.488368 -0.443935
3855 0.890695 -8.341830
3860 0.212556 -4.423209
3865 -0.329955 -1.405871
3870 -0.763964 0.917479
3875 -0.611171 -7.293541
3880 -0.988937 -3.616026
3885 -0.791150 -0.784340
3890 -1.632920 1.396058
3895 -1.306336 3.074965
3900 -0.545069 -5.632277
3905 -0.436055 -2.336853
3910 -0.348844 0.200623
3915 -1.279075 2.154480
3920 -0.523260 -6.341051
3925 -0.418608 -2.882609
3930 -0.334886 -0.219609
3935 -1.267909 1.830901
3940 -0.514327 -6.590206
3945 -0.411462 -3.074459
3950 -0.329170 -0.367333
3955 -0.763336 1.717153
3960 0.389332 -6.677792
3965 0.311465 -3.141900
3970 0.249172 -0.419263
3975 -0.300662 1.677168
3980 0.759470 -6.708581
3985 0.607576 -3.165607
3990 0.486061 -0.437518
3995 0.888849 -8.336889
4000 0.211079 -4.419404
4005 -0.331137 -1.402941
4010 -0.764909 0.919735
4015 -0.611928 -7.291804
4020 -0.989542 -3.614689
4025 -1.291634 -0.783311
4030 -1.533307 1.396851
4035 -1.226646 3.075575
4040 -0.481316 -5.631807
4045 -0.385053 -2.336491
4050 -0.808043 0.200902
4055 -1.146434 2.154694
4060 -0.417147 -6.340885
4065 -0.333718 -2.882482
4070 -0.266974 -0.219511
4075 -1.213579 1.830977
4080 -0.470863 -6.590148
4085 -0.376691 -3.074414
4090 -0.301353 -0.367299
4095 -1.241082 1.717180
4100 -0.492866 -6.677771
4105 -0.394293 -3.141884
4110 -0.315434 -0.419251
4115 -0.752347 1.677177
4120 0.398122 -6.708574
4125 0.318498 -3.165602
4130 0.254798 -0.437513
4135 -0.296161 1.663115
4140 0.763071 -6.719402
4145 0.610457 -3.173939
4150 0.488365 -0.443933
4155 0.890692 -8.341829
4160 0.212554 -4.423208
4165 -0.329957 -1.405870
4170 -0.763966 0.917480
4175 -0.611172 -7.293540
4180 -0.988938 -3.616026
4185 -1.291150 -0.784340
4190 -1.532920 1.396058
4195 -1.226336 3.074965
4200 -0.481069 -5.632277
4205 -0.384855 -2.336853
4210 -0.807884 0.200623
4215 -1.146307 2.154480
4220 -0.417046 -6.341051
4225 -0.333637 -2.882609
4230 -0.266909 -0.219609
4235 -1.213527 1.830901
4240 -0.470822 -6.590206
4245 -0.376658 -3.074459
4250 -0.301326 -0.367333
4255 -0.241061 1.717153
4260 1.307151 -6.677792
4265 1.045721 -3.141900
4270 0.836577 -0.419263
4275 0.669261 -8.322832
4280 -0.464591 -4.408581
4285 -0.871673 -1.394607
4290 -0.697338 0.926152
4295 -0.557871 -7.286863
4300 -0.946296 -3.610884
4305 -1.757037 -0.780381
4310 -1.405630 1.399107
4315 -1.124504 3.077312
4320 -0.399603 -5.630470
4325 -0.319682 -2.335462
4330 -1.255746 0.201695
4335 -1.004597 2.155305
4340 -0.303677 -6.340415
4345 -0.242942 -2.882120
4350 -0.194354 -0.219232
4355 -1.155483 1.831191
4360 -0.424386 -6.589983
4365 -0.339509 -3.074287
4370 -0.271607 -0.367201
4375 -0.717286 1.717255
4380 0.426171 -6.677713
4385 0.340937 -3.141839
4390 0.272750 -0.419216
4395 0.218200 1.677203
4400 1.674560 -6.708553
4405 1.339648 -3.165586
4410 1.071718 -0.437501
4415 0.857375 -8.336876
4420 0.185900 -4.419394
4425 -0.851280 -1.402934
4430 -0.681024 0.919741
4435 -0.544819 -7.291799
4440 -0.935855 -3.614686
4445 -0.748684 -0.783308
4450 -1.598948 1.396853
4455 -1.279158 3.075577
4460 -0.523326 -5.631806
4465 -0.418661 -2.336491
4470 -0.334929 0.200902
4475 -1.267943 2.154695
4480 -0.514354 -6.340885
4485 -0.411484 -2.882481
4490 -0.329187 -0.219511
4495 -1.263350 1.830977
4500 -0.510680 -6.590148
4505 -0.408544 -3.074414
4510 -0.326835 -0.367299
4515 -0.261468 1.717180
4520 1.290826 -6.677771
4525 1.032661 -3.141884
4530 0.826128 -0.419251
4535 0.660903 -8.322823
4540 0.028722 -4.408574
4545 -0.977022 -1.394602
4550 -0.781618 0.926157
4555 -0.625294 -7.286859
4560 -1.000235 -3.610882
4565 -1.300188 -0.780379
4570 -1.540151 1.399108
4575 -1.232121 3.077313
4580 -0.485696 -5.630469
4585 -0.388557 -2.335461
4590 -1.310846 0.201695
4595 -1.048677 2.155305
4600 -0.338941 -6.340415
4605 -0.271153 -2.882120
4610 -0.216922 -0.219232
4615 -1.173538 1.831191
4620 -0.438830 -6.589983
4625 -0.351064 -3.074287
4630 -0.280851 -0.367201
4635 -0.224681 1.717255
4640 1.320255 -6.677713
4645 1.056204 -3.141839
4650 0.844963 -0.419216
4655 0.675971 -8.322796
4660 -0.959224 -4.408553
4665 -0.767379 -1.394586
4670 -0.613903 0.926169
4675 -0.491122 -7.286850
4680 -0.892898 -3.610875
4685 -1.714318 -0.780373
4690 -1.371455 1.399112
4695 -1.097164 -6.922683
4700 -1.377731 -3.330466
4705 -1.102185 -0.564459
4710 -1.881748 1.565367
4715 -1.505398 3.205332
4720 -0.704319 -5.531894
4725 -0.563455 -2.259558
4730 -0.450764 0.260140
4735 -1.360611 2.200308
4740 -0.588489 -6.305763
4745 -0.470791 -2.855438
4750 -0.376633 -0.198687
4755 -0.801306 1.847011
4760 0.358955 -6.577801
4765 0.287164 -3.064907
4770 0.229731 -0.359978
4775 0.183785 1.722817
4780 1.647028 -6.673431
4785 1.317622 -3.138542
4790 1.054098 -0.416677
4795 0.843278 -8.320842
4800 0.174623 -4.407048
4805 -0.860302 -1.393427
4810 -0.688242 0.927061
4815 -0.550593 -7.286163
4820 -0.940475 -3.610345
4825 -0.752380 -0.779966
4830 -1.601904 1.399426
4835 -1.281523 3.077558
4840 -0.525218 -5.630280
4845 -0.420175 -2.335316
4850 -0.836140 0.201807
4855 -1.168912 2.155391
4860 -0.435129 -6.340349
4865 -0.348104 -2.882069
4870 -0.278483 -0.219193
4875 -1.222786 1.831222
4880 -0.478229 -6.589959
4885 -0.382583 -3.074269
4890 -0.306067 -0.367187
4895 -0.244853 1.717266
4900 1.304117 -6.677705
4905 1.043294 -3.141833
4910 0.834635 -0.419211
4915 0.667708 -8.322793
4920 0.034166 -4.408550
4925 -0.972667 -1.394584
4930 -0.778133 0.926170
4935 -0.622507 -7.286849
4940 -0.998005 -3.610874
4945 -1.798404 -0.780373
4950 -1.438723 1.399113
4955 -1.150979 3.077317
4960 -0.420783 -5.630466
4965 -0.336626 -2.335459
4970 -1.269301 0.201697
4975 -1.015441 2.155307
4980 -0.312353 -6.340414
4985 -0.249882 -2.882119
4990 -0.199906 -0.219231
4995 -1.159925 1.831192
5000 -0.427940 -6.589982
