1.000000 1.960000 -7.400000 -5.440000
0.000000 1.881600 -2.440000 -0.558400
0.000000 1.806336 0.536000 2.342336
1.000000 2.734083 -7.678400 -4.944317
0.000000 2.624719 -2.607040 0.017679
1.000000 3.519730 -9.564224 -6.044494
0.000000 3.378941 -3.738534 -0.359593
0.000000 3.243784 -0.243121 3.000663
1.000000 4.114032 -8.145872 -4.031840
0.000000 3.949471 -2.887523 1.061948
1.000000 4.791492 -9.732514 -4.941022
0.000000 4.599832 -3.839508 0.760324
1.000000 5.415839 -10.303705 -4.887866
0.000000 5.199206 -4.182223 1.016983
1.000000 5.991237 -10.509334 -4.518096
0.000000 5.751588 -4.305600 1.445988
1.000000 6.521524 -10.583360 -4.061836
0.000000 6.260663 -4.350016 1.910647
1.000000 7.010237 -10.610010 -3.599773
0.000000 6.729827 -4.366006 2.363822
1.000000 7.460634 -10.619603 -3.158969
0.000000 7.162209 -4.371762 2.790447
1.000000 7.875721 -10.623057 -2.747337
0.000000 7.560692 -4.373834 3.186857
1.000000 8.258264 -10.624301 -2.366037
0.000000 7.927933 -4.374580 3.553353
1.000000 8.610816 -10.624748 -2.013932
0.000000 8.266384 -4.374849 3.891535
1.000000 8.935728 -10.624909 -1.689181
0.000000 8.578299 -4.374946 4.203353
1.000000 9.235167 -10.624967 -1.389800
0.000000 8.865760 -4.374980 4.490780
1.000000 9.511130 -10.624988 -1.113858
0.000000 9.130685 -4.374993 4.755692
1.000000 9.765457 -10.624996 -0.859538
0.000000 9.374839 -4.374997 4.999842
1.000000 9.999846 -10.624998 -0.625153
0.000000 9.599852 -4.374999 5.224853
1.000000 10.215858 -10.624999 -0.409142
0.000000 9.807223 -4.375000 5.432224
1.000000 10.414934 -10.625000 -0.210065
0.000000 9.998337 -4.375000 5.623337
1.000000 10.598404 -10.625000 -0.026596
0.000000 10.174467 -4.375000 5.799467
1.000000 10.767489 -10.625000 0.142489
1.000000 11.336789 -14.375000 -3.038211
0.000000 10.883318 -6.625000 4.258318
1.000000 11.447985 -11.975000 -0.527015
0.000000 10.990065 -5.185000 5.805065
1.000000 11.550463 -11.111000 0.439463
1.000000 12.088444 -14.666600 -2.578156
0.000000 11.604907 -6.799960 4.804947
1.000000 12.140710 -12.079976 0.060734
1.000000 12.655082 -15.247986 -2.592904
0.000000 12.148879 -7.148791 5.000087
1.000000 12.662923 -12.289275 0.373649
1.000000 13.156407 -15.373565 -2.217158
0.000000 12.630150 -7.224139 5.406011
1.000000 13.124944 -12.334483 0.790461
1.000000 13.599947 -15.400690 -1.800744
0.000000 13.055949 -7.240414 5.815535
1.000000 13.533711 -12.344248 1.189462
1.000000 13.992362 -15.406549 -1.414187
0.000000 13.432668 -7.243929 6.188738
1.000000 13.895361 -12.346358 1.549003
1.000000 14.339547 -15.407815 -1.068268
0.000000 13.765965 -7.244689 6.521276
1.000000 14.215326 -12.346813 1.868513
1.000000 14.646713 -15.408088 -0.761375
0.000000 14.060845 -7.244853 6.815992
1.000000 14.498411 -12.346912 2.151499
1.000000 14.918474 -15.408147 -0.489673
0.000000 14.321735 -7.244888 7.076847
1.000000 14.748866 -12.346933 2.401933
1.000000 15.158911 -15.408160 -0.249248
0.000000 14.552555 -7.244896 7.307659
1.000000 14.970453 -12.346938 2.623515
1.000000 15.371635 -15.408163 -0.036528
0.000000 14.756769 -7.244898 7.511872
1.000000 15.166498 -12.346939 2.819560
1.000000 15.559839 -15.408163 0.151675
1.000000 15.937445 -17.244898 -1.307453
0.000000 15.299947 -8.346939 6.953008
1.000000 15.687949 -13.008163 2.679786
1.000000 16.060431 -15.804898 0.255533
1.000000 16.418014 -17.482939 -1.064925
0.000000 15.761293 -8.489763 7.271530
1.000000 16.130842 -13.093858 3.036984
1.000000 16.485608 -15.856315 0.629293
1.000000 16.826184 -17.513789 -0.687605
0.000000 16.153136 -8.508273 7.644863
1.000000 16.507011 -13.104964 3.402047
1.000000 16.846731 -15.862978 0.983752
1.000000 17.172861 -17.517787 -0.344926
0.000000 16.485947 -8.510672 7.975275
1.000000 16.826509 -13.106403 3.720106
1.000000 17.153449 -15.863842 1.289607
1.000000 17.467311 -17.518305 -0.050995
0.000000 16.768618 -8.510983 8.257635
1.000000 17.097874 -13.106590 3.991284
1.000000 17.413959 -15.863954 1.550005
1.000000 17.717400 -17.518372 0.199028
1.000000 18.008704 -18.511023 -0.502319
0.000000 17.288356 -9.106614 8.181742
1.000000 17.596822 -13.463968 4.132853
1.000000 17.892949 -16.078381 1.814568
1.000000 18.177231 -17.647029 0.530202
1.000000 18.450142 -18.588217 -0.138075
0.000000 17.712136 -9.152930 8.559206
1.000000 18.003651 -13.491758 4.511892
1.000000 18.283505 -16.095055 2.188450
1.000000 18.552164 -17.657033 0.895131
1.000000 18.810078 -18.594220 0.215858
1.000000 19.057675 -19.156532 -0.098857
0.000000 18.295368 -9.493919 8.801449
1.000000 18.563553 -13.696351 4.867202
1.000000 18.821011 -16.217811 2.603200
1.000000 19.068170 -17.730687 1.337484
1.000000 19.305444 -18.638412 0.667032
1.000000 19.533226 -19.183047 0.350179
1.000000 19.751897 -19.509828 0.242069
1.000000 19.961821 -19.705897 0.255924
1.000000 20.163348 -19.823538 0.339810
1.000000 20.356814 -19.894123 0.462691
1.000000 20.542542 -19.936474 0.606068
1.000000 20.720840 -19.961884 0.758956
1.000000 20.892006 -19.977131 0.914876
1.000000 21.056326 -19.986278 1.070048
1.000000 21.214073 -19.991767 1.222306
1.000000 21.365510 -19.995060 1.370450
1.000000 21.510890 -19.997036 1.513854
1.000000 21.650454 -19.998222 1.652232
1.000000 21.784436 -19.998933 1.785503
1.000000 21.913059 -19.999360 1.913699
1.000000 22.036536 -19.999616 2.036920
1.000000 22.155075 -19.999770 2.155305
1.000000 22.268872 -19.999862 2.269010
1.000000 22.378117 -19.999917 2.378200
1.000000 22.482992 -19.999950 2.483042
1.000000 22.583673 -19.999970 2.583702
1.000000 22.680326 -19.999982 2.680344
1.000000 22.773113 -19.999989 2.773123
1.000000 22.862188 -19.999994 2.862195
1.000000 22.947701 -19.999996 2.947704
1.000000 23.029793 -19.999998 3.029795
1.000000 23.108601 -19.999999 3.108602
1.000000 23.184257 -19.999999 3.184258
1.000000 23.256887 -19.999999 3.256887
1.000000 23.326611 -20.000000 3.326611
1.000000 23.393547 -20.000000 3.393547
1.000000 23.457805 -20.000000 3.457805
1.000000 23.519493 -20.000000 3.519493
1.000000 23.578713 -20.000000 3.578713
1.000000 23.635564 -20.000000 3.635564
1.000000 23.690142 -20.000000 3.690142
1.000000 23.742536 -20.000000 3.742536
1.000000 23.792835 -20.000000 3.792835
1.000000 23.841121 -20.000000 3.841121
1.000000 23.887476 -20.000000 3.887476
1.000000 23.931977 -20.000000 3.931977
1.000000 23.974698 -20.000000 3.974698
1.000000 24.015710 -20.000000 4.015710
1.000000 24.055082 -20.000000 4.055082
1.000000 24.092879 -20.000000 4.092879
1.000000 24.129164 -20.000000 4.129164
1.000000 24.163997 -20.000000 4.163997
1.000000 24.197437 -20.000000 4.197437
1.000000 24.229540 -20.000000 4.229540
1.000000 24.260358 -20.000000 4.260358
1.000000 24.289944 -20.000000 4.289944
1.000000 24.318346 -20.000000 4.318346
1.000000 24.345612 -20.000000 4.345612
1.000000 24.371788 -20.000000 4.371788
1.000000 24.396916 -20.000000 4.396916
1.000000 24.421039 -20.000000 4.421039
1.000000 24.444198 -20.000000 4.444198
1.000000 24.466430 -20.000000 4.466430
1.000000 24.487773 -20.000000 4.487773
1.000000 24.508262 -20.000000 4.508262
1.000000 24.527931 -20.000000 4.527931
1.000000 24.546814 -20.000000 4.546814
1.000000 24.564942 -20.000000 4.564942
1.000000 24.582344 -20.000000 4.582344
1.000000 24.599050 -20.000000 4.599050
1.000000 24.615088 -20.000000 4.615088
1.000000 24.630485 -20.000000 4.630485
1.000000 24.645265 -20.000000 4.645265
1.000000 24.659455 -20.000000 4.659455
1.000000 24.673076 -20.000000 4.673076
1.000000 24.686153 -20.000000 4.686153
1.000000 24.698707 -20.000000 4.698707
1.000000 24.710759 -20.000000 4.710759
1.000000 24.722329 -20.000000 4.722329
1.000000 24.733435 -20.000000 4.733435
1.000000 24.744098 -20.000000 4.744098
1.000000 24.754334 -20.000000 4.754334
1.000000 24.764161 -20.000000 4.764161
1.000000 24.773594 -20.000000 4.773594
1.000000 24.782651 -20.000000 4.782651
1.000000 24.791345 -20.000000 4.791345
1.000000 24.799691 -20.000000 4.799691
1.000000 24.807703 -20.000000 4.807703
1.000000 24.815395 -20.000000 4.815395
1.000000 24.822779 -20.000000 4.822779
1.000000 24.829868 -20.000000 4.829868
1.000000 24.836673 -20.000000 4.836673
1.000000 24.843206 -20.000000 4.843206
1.000000 24.849478 -20.000000 4.849478
1.000000 24.855499 -20.000000 4.855499
1.000000 24.861279 -20.000000 4.861279
1.000000 24.866828 -20.000000 4.866828
1.000000 24.872155 -20.000000 4.872155
1.000000 24.877269 -20.000000 4.877269
1.000000 24.882178 -20.000000 4.882178
1.000000 24.886891 -20.000000 4.886891
1.000000 24.891415 -20.000000 4.891415
1.000000 24.895758 -20.000000 4.895758
1.000000 24.899928 -20.000000 4.899928
1.000000 24.903931 -20.000000 4.903931
1.000000 24.907774 -20.000000 4.907774
1.000000 24.911463 -20.000000 4.911463
1.000000 24.915004 -20.000000 4.915004
1.000000 24.918404 -20.000000 4.918404
1.000000 24.921668 -20.000000 4.921668
1.000000 24.924801 -20.000000 4.924801
1.000000 24.927809 -20.000000 4.927809
1.000000 24.930697 -20.000000 4.930697
1.000000 24.933469 -20.000000 4.933469
1.000000 24.936130 -20.000000 4.936130
1.000000 24.938685 -20.000000 4.938685
1.000000 24.941138 -20.000000 4.941138
1.000000 24.943492 -20.000000 4.943492
1.000000 24.945752 -20.000000 4.945752
1.000000 24.947922 -20.000000 4.947922
1.000000 24.950005 -20.000000 4.950005
1.000000 24.952005 -20.000000 4.952005
1.000000 24.953925 -20.000000 4.953925
1.000000 24.955768 -20.000000 4.955768
1.000000 24.957537 -20.000000 4.957537
1.000000 24.959236 -20.000000 4.959236
1.000000 24.960866 -20.000000 4.960866
1.000000 24.962432 -20.000000 4.962432
1.000000 24.963934 -20.000000 4.963934
1.000000 24.965377 -20.000000 4.965377
1.000000 24.966762 -20.000000 4.966762
1.000000 24.968091 -20.000000 4.968091
1.000000 24.969368 -20.000000 4.969368
1.000000 24.970593 -20.000000 4.970593
1.000000 24.971769 -20.000000 4.971769
1.000000 24.972899 -20.000000 4.972899
1.000000 24.973983 -20.000000 4.973983
1.000000 24.975023 -20.000000 4.975023
1.000000 24.976022 -20.000000 4.976022
1.000000 24.976982 -20.000000 4.976982
1.000000 24.977902 -20.000000 4.977902
1.000000 24.978786 -20.000000 4.978786
1.000000 24.979635 -20.000000 4.979635
1.000000 24.980449 -20.000000 4.980449
1.000000 24.981231 -20.000000 4.981231
1.000000 24.981982 -20.000000 4.981982
1.000000 24.982703 -20.000000 4.982703
1.000000 24.983395 -20.000000 4.983395
1.000000 24.984059 -20.000000 4.984059
1.000000 24.984697 -20.000000 4.984697
1.000000 24.985309 -20.000000 4.985309
1.000000 24.985896 -20.000000 4.985896
1.000000 24.986461 -20.000000 4.986461
1.000000 24.987002 -20.000000 4.987002
1.000000 24.987522 -20.000000 4.987522
1.000000 24.988021 -20.000000 4.988021
1.000000 24.988500 -20.000000 4.988500
1.000000 24.988960 -20.000000 4.988960
1.000000 24.989402 -20.000000 4.989402
1.000000 24.989826 -20.000000 4.989826
1.000000 24.990233 -20.000000 4.990233
1.000000 24.990623 -20.000000 4.990623
1.000000 24.990999 -20.000000 4.990999
1.000000 24.991359 -20.000000 4.991359
1.000000 24.991704 -20.000000 4.991704
1.000000 24.992036 -20.000000 4.992036
1.000000 24.992355 -20.000000 4.992355
1.000000 24.992660 -20.000000 4.992660
1.000000 24.992954 -20.000000 4.992954
1.000000 24.993236 -20.000000 4.993236
1.000000 24.993506 -20.000000 4.993506
1.000000 24.993766 -20.000000 4.993766
1.000000 24.994016 -20.000000 4.994016
1.000000 24.994255 -20.000000 4.994255
1.000000 24.994485 -20.000000 4.994485
1.000000 24.994705 -20.000000 4.994705
1.000000 24.994917 -20.000000 4.994917
1.000000 24.995120 -20.000000 4.995120
1.000000 24.995316 -20.000000 4.995316
1.000000 24.995503 -20.000000 4.995503
1.000000 24.995683 -20.000000 4.995683
1.000000 24.995856 -20.000000 4.995856
1.000000 24.996021 -20.000000 4.996021
1.000000 24.996180 -20.000000 4.996180
1.000000 24.996333 -20.000000 4.996333
1.000000 24.996480 -20.000000 4.996480
1.000000 24.996621 -20.000000 4.996621
1.000000 24.996756 -20.000000 4.996756
1.000000 24.996886 -20.000000 4.996886
1.000000 24.997010 -20.000000 4.997010
1.000000 24.997130 -20.000000 4.997130
1.000000 24.997245 -20.000000 4.997245
1.000000 24.997355 -20.000000 4.997355
1.000000 24.997461 -20.000000 4.997461
1.000000 24.997562 -20.000000 4.997562
1.000000 24.997660 -20.000000 4.997660
1.000000 24.997753 -20.000000 4.997753
1.000000 24.997843 -20.000000 4.997843
1.000000 24.997929 -20.000000 4.997929
1.000000 24.998012 -20.000000 4.998012
1.000000 24.998092 -20.000000 4.998092
1.000000 24.998168 -20.000000 4.998168
1.000000 24.998241 -20.000000 4.998241
1.000000 24.998312 -20.000000 4.998312
1.000000 24.998379 -20.000000 4.998379
1.000000 24.998444 -20.000000 4.998444
1.000000 24.998506 -20.000000 4.998506
1.000000 24.998566 -20.000000 4.998566
1.000000 24.498623 -20.000000 4.498623
1.000000 24.518679 -20.000000 4.518679
1.000000 24.537931 -20.000000 4.537931
1.000000 24.556414 -20.000000 4.556414
1.000000 24.574158 -20.000000 4.574158
1.000000 24.091191 -20.000000 4.091191
1.000000 24.127544 -20.000000 4.127544
1.000000 24.162442 -20.000000 4.162442
1.000000 24.195944 -20.000000 4.195944
1.000000 23.728106 -20.000000 3.728106
1.000000 23.778982 -20.000000 3.778982
1.000000 23.827823 -20.000000 3.827823
1.000000 23.874710 -20.000000 3.874710
1.000000 23.419722 -20.000000 3.419722
1.000000 23.482933 -20.000000 3.482933
1.000000 23.543615 -20.000000 3.543615
1.000000 23.101871 -20.000000 3.101871
1.000000 23.177796 -20.000000 3.177796
1.000000 23.250684 -20.000000 3.250684
1.000000 22.820657 -20.000000 2.820657
1.000000 22.907830 -20.000000 2.907830
1.000000 22.991517 -20.000000 2.991517
1.000000 22.571857 -20.000000 2.571857
1.000000 22.668982 -20.000000 2.668982
1.000000 22.262223 -20.000000 2.262223
1.000000 22.371734 -20.000000 2.371734
1.000000 21.976865 -20.000000 1.976865
1.000000 22.097790 -20.000000 2.097790
1.000000 21.713879 -20.000000 1.713879
1.000000 21.845323 -20.000000 1.845323
1.000000 21.471510 -20.000000 1.471510
1.000000 21.612650 -20.000000 1.612650
1.000000 21.248144 -20.000000 1.248144
1.000000 21.398218 -20.000000 1.398218
1.000000 21.042290 -20.000000 1.042290
1.000000 21.200598 -20.000000 1.200598
1.000000 20.852574 -20.000000 0.852574
1.000000 21.018471 -20.000000 1.018471
1.000000 20.677732 -20.000000 0.677732
1.000000 20.850623 -20.000000 0.850623
1.000000 20.516598 -20.000000 0.516598
1.000000 20.695934 -20.000000 0.695934
1.000000 20.368097 -20.000000 0.368097
1.000000 20.553373 -20.000000 0.553373
1.000000 20.231238 -20.000000 0.231238
1.000000 20.421988 -20.000000 0.421988
1.000000 20.105109 -20.000000 0.105109
1.000000 19.800905 -20.000000 -0.199095
1.000000 18.008868 -10.000000 8.008868
1.000000 17.788514 -14.000000 3.788514
1.000000 18.076973 -16.400000 1.676973
1.000000 17.853894 -17.840000 0.013894
1.000000 17.639738 -18.704000 -1.064262
1.000000 15.934149 -9.222400 6.711749
1.000000 15.796783 -13.533440 2.263343
1.000000 15.664912 -16.120064 -0.455152
1.000000 14.038315 -7.672038 6.366277
1.000000 13.976783 -12.603223 1.373559
1.000000 13.917711 -15.561934 -1.644223
1.000000 12.361003 -7.337160 5.023842
1.000000 12.366563 -12.402296 -0.035734
1.000000 11.371900 -5.441378 5.930522
1.000000 11.417024 -11.264827 0.152198
1.000000 11.960343 -14.758896 -2.798553
1.000000 10.981929 -6.855338 4.126592
1.000000 11.042652 -12.113203 -1.070550
1.000000 10.100946 -5.267922 4.833025
1.000000 10.696908 -11.160753 -0.463845
1.000000 9.769032 -4.696452 5.072580
1.000000 9.878271 -10.817871 -0.939600
1.000000 8.983140 -4.490723 4.492417
1.000000 9.123814 -10.694434 -1.570619
1.000000 7.758862 -4.416660 3.342202
1.000000 7.948507 -10.649996 -2.701489
1.000000 7.130567 -4.389998 2.740569
1.000000 7.345344 -10.633999 -3.288654
1.000000 6.551531 -4.380399 2.171131
1.000000 6.789469 -10.628239 -3.838770
1.000000 5.517891 -4.376944 1.140947
1.000000 5.797175 -10.626166 -4.828991
1.000000 5.065288 -4.375700 0.689588
1.000000 5.362676 -10.625420 -5.262743
1.000000 4.648169 -4.375252 0.272917
1.000000 4.962243 -10.625151 -5.662909
1.000000 4.263753 -4.375091 -0.111338
1.000000 3.593203 -0.625054 2.968148
1.000000 3.949475 -8.375033 -4.425558
1.000000 3.291496 -3.025020 0.266476
1.000000 3.659836 -9.815012 -6.155176
1.000000 3.013442 -3.889007 -0.875565
1.000000 2.392905 -0.333404 2.059500
1.000000 2.797189 -8.200043 -5.402854
1.000000 2.185301 -2.920026 -0.734725
1.000000 1.597889 0.247985 1.845874
1.000000 2.033973 -7.851209 -5.817236
1.000000 1.452614 -2.710726 -1.258111
1.000000 0.894510 0.373565 1.268075
1.000000 1.358729 -7.775861 -6.417132
1.000000 0.804380 -2.665517 -1.861136
1.000000 0.772205 0.400690 1.172895
1.000000 1.241317 -7.759586 -6.518269
1.000000 0.691664 -2.655752 -1.964087
1.000000 0.163998 0.406549 0.570547
1.000000 0.657438 -7.756071 -7.098633
1.000000 0.631140 -2.653642 -2.022502
1.000000 0.105895 0.407815 0.513709
1.000000 0.601659 -7.755311 -7.153652
1.000000 0.077592 -2.653187 -2.575594
1.000000 0.074489 0.408088 0.482577
1.000000 0.571509 -7.755147 -7.183638
1.000000 0.048649 -2.653088 -2.604439
1.000000 -0.453297 0.408147 -0.045150
1.000000 -0.435165 2.244888 1.809723
1.000000 0.082241 -6.653067 -6.570826
1.000000 -0.421048 -1.991840 -2.412889
1.000000 -0.404206 0.804896 0.400690
1.000000 0.111962 -7.517062 -7.405101
1.000000 -0.392517 -2.510237 -2.902754
1.000000 -0.376816 0.493858 0.117042
1.000000 0.138257 -7.703685 -7.565429
1.000000 -0.367274 -2.622211 -2.989485
1.000000 -0.352583 0.426673 0.074091
1.000000 0.161521 -7.743996 -7.582475
1.000000 -0.344940 -2.646398 -2.991338
1.000000 -0.331143 0.412161 0.081019
1.000000 0.182103 -7.752703 -7.570600
1.000000 0.174819 -2.651622 -2.476803
1.000000 -0.332174 0.409027 0.076853
1.000000 -0.318887 -7.754584 -8.073471
1.000000 -0.806131 -2.652750 -3.458882
1.000000 -0.773886 0.408350 -0.365536
1.000000 -1.242931 2.245010 1.002079
1.000000 -1.193213 -6.652994 -7.846207
1.000000 -1.645485 -1.991796 -3.637281
1.000000 -1.579665 0.804922 -0.774743
1.000000 -2.016479 2.482953 0.466474
1.000000 -1.935820 -6.510228 -8.446048
1.000000 -2.358387 -1.906137 -4.264524
1.000000 -2.264051 0.856318 -1.407733
1.000000 -2.673489 2.513791 -0.159699
1.000000 -2.566550 3.508274 0.941725
1.000000 -1.963888 -5.895035 -7.858923
1.000000 -1.885332 -1.537021 -3.422353
1.000000 -2.309919 1.077787 -1.232132
1.000000 -2.217522 2.646672 0.429150
1.000000 -1.628821 -6.411997 -8.040818
1.000000 -1.563668 -1.847198 -3.410866
1.000000 -2.001122 0.891681 -1.109441
1.000000 -1.921077 2.535009 0.613932
1.000000 -1.844234 -6.478995 -8.323229
1.000000 -2.270464 -1.887397 -4.157861
1.000000 -2.179646 0.867562 -1.312084
1.000000 -2.092460 2.520537 0.428077
1.000000 -1.508762 -6.487678 -7.996439
1.000000 -1.448411 -1.892607 -3.341018
1.000000 -1.390475 0.864436 -0.526039
1.000000 -1.834856 2.518662 0.683806
1.000000 -1.761462 -6.488803 -8.250265
1.000000 -1.691003 -1.893282 -3.584285
1.000000 -2.123363 0.864031 -1.259332
1.000000 -2.038428 2.518419 0.479990
1.000000 -1.956891 -6.488949 -8.445840
1.000000 -2.378616 -1.893369 -4.271985
1.000000 -2.283471 0.863978 -1.419493
1.000000 -2.192132 2.518387 0.326255
1.000000 -1.604447 -6.488968 -8.093415
1.000000 -1.540269 -1.893381 -3.433650
1.000000 -1.478658 0.863972 -0.614687
1.000000 -1.919512 2.518383 0.598871
1.000000 -1.842731 -6.488970 -8.331702
1.000000 -1.769022 -1.893382 -3.662404
1.000000 -1.698261 0.863971 -0.834291
1.000000 -2.130331 2.518382 0.388052
1.000000 -2.045118 -6.488971 -8.534088
1.000000 -1.963313 -1.893382 -3.856695
1.000000 -1.884780 0.863971 -1.020810
1.000000 -2.309389 2.518382 0.208993
1.000000 -2.217014 -6.488971 -8.705984
1.000000 -2.128333 -1.893382 -4.021715
1.000000 -2.043200 0.863971 -1.179229
1.000000 -1.961472 2.518382 0.556911
1.000000 -1.383013 -6.488971 -7.871983
1.000000 -1.327692 -1.893382 -3.221075
1.000000 -1.274585 0.863971 -0.410614
1.000000 -1.223601 2.518382 1.294781
1.000000 -0.674657 -6.488971 -7.163628
1.000000 -0.647671 -1.893382 -2.541053
1.000000 -0.621764 0.863971 0.242206
1.000000 -0.596894 -7.481618 -8.078511
1.000000 -1.073018 -2.488971 -3.561988
1.000000 -1.030097 0.506618 -0.523479
1.000000 -0.988893 2.303971 1.315077
1.000000 -0.949337 -6.617618 -7.566955
1.000000 -0.911364 -1.970571 -2.881935
1.000000 -1.374909 0.817658 -0.557252
1.000000 -1.319913 2.490595 1.170682
1.000000 -1.267117 -6.505643 -7.772760
1.000000 -1.216432 -1.903386 -3.119818
1.000000 -1.167775 0.857968 -0.309806
1.000000 -1.121064 2.514781 1.393717
1.000000 -1.076221 -6.491131 -7.567352
1.000000 -1.533172 -1.894679 -3.427851
1.000000 -1.471845 0.863193 -0.608653
1.000000 -1.412972 2.517916 1.104944
1.000000 -1.356453 -6.489251 -7.845703
1.000000 -1.302195 -1.893550 -3.195745
1.000000 -1.250107 0.863870 -0.386237
1.000000 -1.200102 2.518322 1.318219
1.000000 -0.652098 -6.489007 -7.141105
1.000000 -0.626014 -1.893404 -2.519419
1.000000 -0.600974 0.863958 0.262984
1.000000 -0.576935 -7.481625 -8.058560
1.000000 -0.553858 -2.488975 -3.042833
1.000000 -0.531703 0.506615 -0.025088
1.000000 -0.510435 2.303969 1.793534
1.000000 -0.490018 -6.617619 -7.107636
1.000000 -0.470417 -1.970571 -2.440988
1.000000 -0.951600 0.817657 -0.133943
1.000000 -0.913536 2.490594 1.577058
1.000000 -0.876995 -6.505643 -7.382638
1.000000 -0.841915 -1.903386 -2.745301
1.000000 -0.808238 0.857968 0.049730
1.000000 -0.775909 -7.485219 -8.261128
1.000000 -0.744873 -2.491131 -3.236004
1.000000 -0.715078 0.505321 -0.209756
1.000000 -1.186475 2.303193 1.116718
1.000000 -1.139016 -6.618084 -7.757100
1.000000 -1.093455 -1.970851 -3.064306
1.000000 -1.049717 0.817490 -0.232227
1.000000 -1.007728 2.490494 1.482766
1.000000 -0.967419 -6.505704 -7.473123
1.000000 -0.928722 -1.903422 -2.832144
1.000000 -0.891573 0.857947 -0.033627
1.000000 -0.855910 2.514768 1.658858
1.000000 -0.821674 -6.491139 -7.312813
1.000000 -0.788807 -1.894684 -2.683491
1.000000 -0.757255 0.863190 0.105935
1.000000 -0.726965 -7.482086 -8.209051
1.000000 -0.697886 -2.489252 -3.187138
1.000000 -0.669971 0.506449 -0.163521
1.000000 -0.643172 2.303869 1.660698
1.000000 -0.617445 -6.617678 -7.235123
1.000000 -0.592747 -1.970607 -2.563354
1.000000 -0.569037 0.817636 0.248599
1.000000 -0.546276 -7.509419 -8.055694
1.000000 -0.524425 -2.505651 -3.030076
1.000000 -0.503448 0.496609 -0.006838
1.000000 -0.483310 2.297966 1.814656
1.000000 -0.463977 -6.621221 -7.085198
1.000000 -0.445418 -1.972732 -2.418151
1.000000 -0.427602 0.816361 0.388759
1.000000 -0.410497 -7.510184 -7.920681
1.000000 -0.394078 -2.506110 -2.900188
1.000000 -0.378314 0.496334 0.118019
1.000000 -0.363182 -7.702200 -8.065382
1.000000 -0.348655 -2.621320 -2.969974
1.000000 -0.334708 0.427208 0.092500
1.000000 -0.321320 -7.743675 -8.064995
1.000000 -0.308467 -2.646205 -2.954672
1.000000 -0.296129 0.412277 0.116148
1.000000 -0.284283 -7.752634 -8.036917
1.000000 -0.272912 -2.651580 -2.924492
1.000000 -0.261996 0.409052 0.147056
1.000000 -0.251516 -7.754569 -8.006085
1.000000 -0.241455 -2.652741 -2.894197
1.000000 -0.231797 0.408355 0.176558
1.000000 -0.222525 -7.754987 -7.977512
1.000000 -0.213624 -2.652992 -2.866616
1.000000 -0.205079 0.408205 0.203126
1.000000 -0.196876 -7.755077 -7.951953
1.000000 -0.189001 -2.653046 -2.842047
1.000000 -0.181441 0.408172 0.226731
1.000000 -0.174183 -7.755097 -7.929280
1.000000 -0.167216 -2.653058 -2.820274
1.000000 -0.160527 0.408165 0.247638
1.000000 -0.154106 -7.755101 -7.909207
1.000000 -0.147942 -2.653061 -2.801002
1.000000 -0.142024 0.408164 0.266139
1.000000 -0.136343 -7.755102 -7.891445
1.000000 -0.130890 -2.653061 -2.783951
1.000000 -0.125654 0.408163 0.282509
1.000000 -0.120628 -7.755102 -7.875730
1.000000 -0.115803 -2.653061 -2.768864
1.000000 -0.111171 0.408163 0.296993
1.000000 -0.106724 -7.755102 -7.861826
1.000000 -0.102455 -2.653061 -2.755516
1.000000 -0.098357 0.408163 0.309807
1.000000 -0.094422 -7.755102 -7.849524
1.000000 -0.090645 -2.653061 -2.743707
1.000000 -0.087020 0.408163 0.321144
1.000000 -0.083539 -7.755102 -7.838641
1.000000 -0.080197 -2.653061 -2.733259
1.000000 -0.076989 0.408163 0.331174
1.000000 -0.073910 -7.755102 -7.829012
1.000000 -0.070953 -2.653061 -2.724015
1.000000 -0.068115 0.408163 0.340048
1.000000 -0.065391 -7.755102 -7.820493
1.000000 -0.062775 -2.653061 -2.715836
1.000000 -0.060264 0.408163 0.347899
1.000000 -0.057854 -7.755102 -7.812956
1.000000 -0.055539 -2.653061 -2.708601
1.000000 -0.053318 0.408163 0.354845
1.000000 -0.051185 -7.755102 -7.806287
1.000000 -0.049138 -2.653061 -2.702199
1.000000 -0.047172 0.408163 0.360991
1.000000 -0.045285 -7.755102 -7.800387
1.000000 -0.043474 -2.653061 -2.696535
1.000000 -0.041735 0.408163 0.366428
1.000000 -0.040066 -7.755102 -7.795168
1.000000 -0.038463 -2.653061 -2.691524
1.000000 -0.036924 0.408163 0.371239
1.000000 -0.035447 -7.755102 -7.790549
1.000000 -0.034030 -2.653061 -2.687091
1.000000 -0.032668 0.408163 0.375495
1.000000 -0.031362 -7.755102 -7.786464
1.000000 -0.030107 -2.653061 -2.683168
1.000000 -0.028903 0.408163 0.379260
1.000000 -0.027747 -7.755102 -7.782849
1.000000 -0.026637 -2.653061 -2.679698
1.000000 -0.025571 0.408163 0.382592
1.000000 -0.024549 -7.755102 -7.779651
1.000000 -0.023567 -2.653061 -2.676628
1.000000 -0.022624 0.408163 0.385539
1.000000 -0.021719 -7.755102 -7.776821
1.000000 -0.020850 -2.653061 -2.673911
1.000000 -0.020016 0.408163 0.388147
1.000000 -0.019216 -7.755102 -7.774318
1.000000 -0.018447 -2.653061 -2.671508
1.000000 -0.017709 0.408163 0.390454
1.000000 -0.017001 -7.755102 -7.772103
1.000000 -0.016321 -2.653061 -2.669382
1.000000 -0.015668 0.408163 0.392495
1.000000 -0.015041 -7.755102 -7.770143
1.000000 -0.014439 -2.653061 -2.667501
1.000000 -0.013862 0.408163 0.394301
1.000000 -0.013307 -7.755102 -7.768409
1.000000 -0.012775 -2.653061 -2.665836
1.000000 -0.012264 0.408163 0.395899
1.000000 -0.011774 -7.755102 -7.766876
1.000000 -0.011303 -2.653061 -2.664364
1.000000 -0.010851 0.408163 0.397313
1.000000 -0.010416 -7.755102 -7.765519
1.000000 -0.010000 -2.653061 -2.663061
1.000000 -0.009600 0.408163 0.398563
1.000000 -0.009216 -7.755102 -7.764318
1.000000 -0.008847 -2.653061 -2.661908
1.000000 -0.008493 0.408163 0.399670
1.000000 -0.008154 -7.755102 -7.763256
1.000000 -0.007827 -2.653061 -2.660889
1.000000 -0.007514 0.408163 0.400649
1.000000 -0.007214 -7.755102 -7.762316
1.000000 -0.006925 -2.653061 -2.659986
1.000000 -0.006648 0.408163 0.401515
1.000000 -0.006382 -7.755102 -7.761484
1.000000 -0.006127 -2.653061 -2.659188
1.000000 -0.005882 0.408163 0.402281
1.000000 -0.005647 -7.755102 -7.760749
1.000000 -0.005421 -2.653061 -2.658482
1.000000 -0.005204 0.408163 0.402959
1.000000 -0.004996 -7.755102 -7.760098
1.000000 -0.004796 -2.653061 -2.657857
1.000000 -0.004604 0.408163 0.403559
1.000000 -0.004420 -7.755102 -7.759522
1.000000 -0.004243 -2.653061 -2.657304
1.000000 -0.004073 0.408163 0.404090
1.000000 -0.003910 -7.755102 -7.759013
1.000000 -0.003754 -2.653061 -2.656815
1.000000 -0.003604 0.408163 0.404559
1.000000 -0.003460 -7.755102 -7.758562
1.000000 -0.003321 -2.653061 -2.656383
1.000000 -0.003189 0.408163 0.404975
1.000000 -0.003061 -7.755102 -7.758163
1.000000 -0.002939 -2.653061 -2.656000
1.000000 -0.002821 0.408163 0.405342
1.000000 -0.002708 -7.755102 -7.757810
1.000000 -0.002600 -2.653061 -2.655661
1.000000 -0.002496 0.408163 0.405667
1.000000 -0.002396 -7.755102 -7.757498
1.000000 -0.002300 -2.653061 -2.655361
1.000000 -0.002208 0.408163 0.405955
1.000000 -0.002120 -7.755102 -7.757222
1.000000 -0.002035 -2.653061 -2.655096
1.000000 -0.001954 0.408163 0.406210
1.000000 -0.001875 -7.755102 -7.756978
1.000000 -0.001800 -2.653061 -2.654862
1.000000 -0.001728 0.408163 0.406435
1.000000 -0.001659 -7.755102 -7.756761
1.000000 -0.001593 -2.653061 -2.654654
1.000000 -0.001529 0.408163 0.406634
1.000000 -0.001468 -7.755102 -7.756570
1.000000 -0.001409 -2.653061 -2.654471
1.000000 -0.001353 0.408163 0.406810
1.000000 -0.001299 -7.755102 -7.756401
1.000000 -0.001247 -2.653061 -2.654308
1.000000 -0.001197 0.408163 0.406966
1.000000 -0.001149 -7.755102 -7.756251
1.000000 -0.001103 -2.653061 -2.654164
1.000000 -0.001059 0.408163 0.407104
1.000000 -0.001017 -7.755102 -7.756119
1.000000 -0.000976 -2.653061 -2.654037
1.000000 -0.000937 0.408163 0.407226
1.000000 -0.000899 -7.755102 -7.756002
1.000000 -0.000864 -2.653061 -2.653925
1.000000 -0.000829 0.408163 0.407334
1.000000 -0.000796 -7.755102 -7.755898
1.000000 -0.000764 -2.653061 -2.653825
1.000000 -0.000733 0.408163 0.407430
1.000000 -0.000704 -7.755102 -7.755806
1.000000 -0.000676 -2.653061 -2.653737
1.000000 -0.000649 0.408163 0.407514
1.000000 -0.000623 -7.755102 -7.755725
1.000000 -0.000598 -2.653061 -2.653659
1.000000 -0.000574 0.408163 0.407589
1.000000 -0.000551 -7.755102 -7.755653
1.000000 -0.000529 -2.653061 -2.653590
1.000000 -0.000508 0.408163 0.407655
1.000000 -0.000488 -7.755102 -7.755590
1.000000 -0.000468 -2.653061 -2.653529
1.000000 -0.000449 0.408163 0.407714
1.000000 -0.000431 -7.755102 -7.755533
1.000000 -0.000414 -2.653061 -2.653475
1.000000 -0.000398 0.408163 0.407766
1.000000 -0.000382 -7.755102 -7.755484
1.000000 -0.000366 -2.653061 -2.653428
1.000000 -0.000352 0.408163 0.407812
1.000000 -0.000338 -7.755102 -7.755440
1.000000 -0.000324 -2.653061 -2.653385
1.000000 -0.000311 0.408163 0.407852
1.000000 -0.000299 -7.755102 -7.755401
1.000000 -0.000287 -2.653061 -2.653348
1.000000 -0.000275 0.408163 0.407888
1.000000 -0.000264 -7.755102 -7.755366
1.000000 -0.000254 -2.653061 -2.653315
1.000000 -0.000244 0.408163 0.407920
1.000000 -0.000234 -7.755102 -7.755336
1.000000 -0.000225 -2.653061 -2.653286
1.000000 -0.000216 0.408163 0.407948
1.000000 -0.000207 -7.755102 -7.755309
1.000000 -0.000199 -2.653061 -2.653260
1.000000 -0.000191 0.408163 0.407973
1.000000 -0.000183 -7.755102 -7.755285
1.000000 -0.000176 -2.653061 -2.653237
1.000000 -0.000169 0.408163 0.407995
1.000000 -0.000162 -7.755102 -7.755264
1.000000 -0.000155 -2.653061 -2.653217
1.000000 -0.000149 0.408163 0.408014
1.000000 -0.000143 -7.755102 -7.755245
1.000000 -0.000138 -2.653061 -2.653199
1.000000 -0.000132 0.408163 0.408031
1.000000 -0.000127 -7.755102 -7.755229
1.000000 -0.000122 -2.653061 -2.653183
1.000000 -0.000117 0.408163 0.408046
1.000000 -0.000112 -7.755102 -7.755214
1.000000 -0.000108 -2.653061 -2.653169
1.000000 -0.000103 0.408163 0.408060
1.000000 -0.000099 -7.755102 -7.755201
1.000000 -0.000095 -2.653061 -2.653156
1.000000 -0.000091 0.408163 0.408072
1.000000 -0.000088 -7.755102 -7.755190
1.000000 -0.000084 -2.653061 -2.653146
1.000000 -0.000081 0.408163 0.408082
1.000000 -0.000078 -7.755102 -7.755180
1.000000 -0.000075 -2.653061 -2.653136
1.000000 -0.000072 0.408163 0.408092
1.000000 -0.000069 -7.755102 -7.755171
1.000000 -0.000066 -2.653061 -2.653127
1.000000 -0.000063 0.408163 0.408100
1.000000 -0.000061 -7.755102 -7.755163
1.000000 -0.000058 -2.653061 -2.653120
1.000000 -0.000056 0.408163 0.408107
1.000000 -0.000054 -7.755102 -7.755156
1.000000 -0.000052 -2.653061 -2.653113
1.000000 -0.000050 0.408163 0.408114
1.000000 -0.000048 -7.755102 -7.755150
1.000000 -0.000046 -2.653061 -2.653107
1.000000 -0.000044 0.408163 0.408119
1.000000 -0.000042 -7.755102 -7.755144
1.000000 -0.000040 -2.653061 -2.653102
1.000000 -0.000039 0.408163 0.408124
1.000000 -0.000037 -7.755102 -7.755139
1.000000 -0.000036 -2.653061 -2.653097
1.000000 -0.000034 0.408163 0.408129
1.000000 -0.000033 -7.755102 -7.755135
1.000000 -0.000032 -2.653061 -2.653093
1.000000 -0.000030 0.408163 0.408133
1.000000 -0.000029 -7.755102 -7.755131
1.000000 -0.000028 -2.653061 -2.653089
1.000000 -0.000027 0.408163 0.408136
1.000000 -0.000026 -7.755102 -7.755128
1.000000 -0.000025 -2.653061 -2.653086
1.000000 -0.000024 0.408163 0.408139
1.000000 -0.000023 -7.755102 -7.755125
1.000000 -0.000022 -2.653061 -2.653083
1.000000 -0.000021 0.408163 0.408142
1.000000 -0.000020 -7.755102 -7.755122
1.000000 -0.000019 -2.653061 -2.653081
1.000000 -0.000019 0.408163 0.408145
1.000000 -0.000018 -7.755102 -7.755120
1.000000 -0.000017 -2.653061 -2.653078
1.000000 -0.000016 0.408163 0.408147
1.000000 -0.000016 -7.755102 -7.755118
1.000000 -0.000015 -2.653061 -2.653076
1.000000 -0.000015 0.408163 0.408149
1.000000 -0.000014 -7.755102 -7.755116
1.000000 -0.000013 -2.653061 -2.653075
1.000000 -0.000013 0.408163 0.408150
1.000000 -0.000012 -7.755102 -7.755114
1.000000 -0.000012 -2.653061 -2.653073
1.000000 -0.000011 0.408163 0.408152
1.000000 -0.000011 -7.755102 -7.755113
1.000000 -0.000011 -2.653061 -2.653072
1.000000 -0.000010 0.408163 0.408153
1.000000 -0.000010 -7.755102 -7.755112
1.000000 -0.000009 -2.653061 -2.653071
1.000000 -0.000009 0.408163 0.408154
1.000000 -0.000009 -7.755102 -7.755111
1.000000 -0.000008 -2.653061 -2.653069
1.000000 -0.000008 0.408163 0.408155
1.000000 -0.000008 -7.755102 -7.755110
1.000000 -0.000007 -2.653061 -2.653069
1.000000 -0.000007 0.408163 0.408156
1.000000 -0.000007 -7.755102 -7.755109
1.000000 -0.000006 -2.653061 -2.653068
1.000000 -0.000006 0.408163 0.408157
1.000000 -0.000006 -7.755102 -7.755108
1.000000 -0.000006 -2.653061 -2.653067
1.000000 -0.000005 0.408163 0.408158
1.000000 -0.000005 -7.755102 -7.755107
1.000000 -0.000005 -2.653061 -2.653066
1.000000 -0.000005 0.408163 0.408158
1.000000 -0.000005 -7.755102 -7.755107
1.000000 -0.000004 -2.653061 -2.653066
1.000000 -0.000004 0.408163 0.408159
1.000000 -0.000004 -7.755102 -7.755106
1.000000 -0.000004 -2.653061 -2.653065
1.000000 -0.000004 0.408163 0.408159
1.000000 -0.000004 -7.755102 -7.755106
1.000000 -0.000003 -2.653061 -2.653065
1.000000 -0.000003 0.408163 0.408160
1.000000 -0.000003 -7.755102 -7.755105
1.000000 -0.000003 -2.653061 -2.653064
1.000000 -0.000003 0.408163 0.408160
1.000000 -0.000003 -7.755102 -7.755105
1.000000 -0.000003 -2.653061 -2.653064
1.000000 -0.000003 0.408163 0.408161
1.000000 -0.000003 -7.755102 -7.755105
1.000000 -0.000002 -2.653061 -2.653064
1.000000 -0.000002 0.408163 0.408161
1.000000 -0.000002 -7.755102 -7.755104
1.000000 -0.000002 -2.653061 -2.653063
1.000000 -0.000002 0.408163 0.408161
1.000000 -0.000002 -7.755102 -7.755104
1.000000 -0.000002 -2.653061 -2.653063
1.000000 -0.000002 0.408163 0.408161
1.000000 -0.000002 -7.755102 -7.755104
1.000000 -0.000002 -2.653061 -2.653063
1.000000 -0.000002 0.408163 0.408162
1.000000 -0.000002 -7.755102 -7.755104
1.000000 -0.000001 -2.653061 -2.653063
1.000000 -0.000001 0.408163 0.408162
1.000000 -0.000001 -7.755102 -7.755103
1.000000 -0.000001 -2.653061 -2.653063
1.000000 -0.000001 0.408163 0.408162
1.000000 -0.000001 -7.755102 -7.755103
1.000000 -0.000001 -2.653061 -2.653062
1.000000 -0.000001 0.408163 0.408162
1.000000 -0.000001 -7.755102 -7.755103
1.000000 -0.000001 -2.653061 -2.653062
1.000000 -0.000001 0.408163 0.408162
1.000000 -0.000001 -7.755102 -7.755103
1.000000 -0.000001 -2.653061 -2.653062
1.000000 -0.000001 0.408163 0.408162
1.000000 -0.000001 -7.755102 -7.755103
1.000000 -0.000001 -2.653061 -2.653062
1.000000 -0.000001 0.408163 0.408162
1.000000 -0.000001 -7.755102 -7.755103
1.000000 -0.000001 -2.653061 -2.653062
1.000000 -0.000001 0.408163 0.408163
1.000000 -0.000001 -7.755102 -7.755103
1.000000 -0.000001 -2.653061 -2.653062
1.000000 -0.000001 0.408163 0.408163
1.000000 -0.000001 -7.755102 -7.755103
1.000000 -0.000001 -2.653061 -2.653062
1.000000 -0.000001 0.408163 0.408163
1.000000 -0.000001 -7.755102 -7.755103
1.000000 -0.000000 -2.653061 -2.653062
1.000000 -0.000000 0.408163 0.408163
1.000000 -0.000000 -7.755102 -7.755102
1.000000 -0.000000 -2.653061 -2.653062
1.000000 -0.000000 0.408163 0.408163
1.000000 -0.000000 -7.755102 -7.755102
1.000000 -0.000000 -2.653061 -2.653062
1.000000 -0.000000 0.408163 0.408163
1.000000 -0.000000 -7.755102 -7.755102
1.000000 -0.000000 -2.653061 -2.653062
1.000000 -0.000000 0.408163 0.408163
1.000000 -0.000000 -7.755102 -7.755102
1.000000 -0.000000 -2.653061 -2.653062
1.000000 -0.000000 0.408163 0.408163
1.000000 -0.000000 -7.755102 -7.755102
1.000000 -0.000000 -2.653061 -2.653061
1.000000 -0.000000 0.408163 0.408163
1.000000 -0.000000 -7.755102 -7.755102
1.000000 -0.000000 -2.653061 -2.653061
1.000000 -0.000000 0.408163 0.408163
1.000000 -0.000000 -7.755102 -7.755102
1.000000 -0.000000 -2.653061 -2.653061
1.000000 -0.000000 0.408163 0.408163
1.000000 -0.000000 -7.755102 -7.755102
1.000000 -0.000000 -2.653061 -2.653061
1.000000 -0.000000 0.408163 0.408163
1.000000 -0.000000 -7.755102 -7.755102
1.000000 -0.000000 -2.653061 -2.653061
1.000000 -0.000000 0.408163 0.408163
1.000000 -0.000000 -7.755102 -7.755102
1.000000 -0.000000 -2.653061 -2.653061
1.000000 -0.000000 0.408163 0.408163
1.000000 -0.000000 -7.755102 -7.755102
1.000000 -0.000000 -2.653061 -2.653061
1.000000 -0.000000 0.408163 0.408163
1.000000 -0.000000 -7.755102 -7.755102
1.000000 -0.000000 -2.653061 -2.653061
1.000000 -0.000000 0.408163 0.408163
1.000000 -0.000000 -7.755102 -7.755102
1.000000 -0.000000 -2.653061 -2.653061
1.000000 -0.000000 0.408163 0.408163
1.000000 -0.000000 -7.755102 -7.755102
1.000000 -0.000000 -2.653061 -2.653061
1.000000 -0.000000 0.408163 0.408163
1.000000 -0.000000 -7.755102 -7.755102
1.000000 -0.000000 -2.653061 -2.653061
1.000000 -0.000000 0.408163 0.408163
1.000000 -0.000000 -7.755102 -7.755102
1.000000 -0.000000 -2.653061 -2.653061
1.000000 -0.000000 0.408163 0.408163
1.000000 -0.000000 -7.755102 -7.755102
1.000000 -0.000000 -2.653061 -2.653061
1.000000 -0.000000 0.408163 0.408163
1.000000 -0.000000 -7.755102 -7.755102
1.000000 -0.000000 -2.653061 -2.653061
1.000000 -0.000000 0.408163 0.408163
1.000000 -0.000000 -7.755102 -7.755102
1.000000 -0.000000 -2.653061 -2.653061
1.000000 -0.000000 0.408163 0.408163
1.000000 -0.000000 -7.755102 -7.755102
1.000000 -0.000000 -2.653061 -2.653061
1.000000 -0.000000 0.408163 0.408163
1.000000 -0.000000 -7.755102 -7.755102
1.000000 -0.000000 -2.653061 -2.653061
1.000000 -0.000000 0.408163 0.408163
1.000000 -0.000000 -7.755102 -7.755102
1.000000 -0.000000 -2.653061 -2.653061
1.000000 -0.000000 0.408163 0.408163
1.000000 -0.000000 -7.755102 -7.755102
1.000000 -0.000000 -2.653061 -2.653061
1.000000 -0.000000 0.408163 0.408163
1.000000 -0.000000 -7.755102 -7.755102
1.000000 -0.000000 -2.653061 -2.653061
1.000000 -0.000000 0.408163 0.408163
1.000000 -0.000000 -7.755102 -7.755102
1.000000 -0.000000 -2.653061 -2.653061
1.000000 -0.000000 0.408163 0.408163
1.000000 -0.000000 -7.755102 -7.755102
1.000000 -0.000000 -2.653061 -2.653061
1.000000 -0.000000 0.408163 0.408163
1.000000 -0.000000 -7.755102 -7.755102
1.000000 -0.000000 -2.653061 -2.653061
1.000000 -0.000000 0.408163 0.408163
1.000000 -0.000000 -7.755102 -7.755102
1.000000 -0.000000 -2.653061 -2.653061
1.000000 -0.000000 0.408163 0.408163
1.000000 -0.000000 -7.755102 -7.755102
1.000000 -0.000000 -2.653061 -2.653061
1.000000 -0.000000 0.408163 0.408163
1.000000 -0.000000 -7.755102 -7.755102
1.000000 -0.000000 -2.653061 -2.653061
1.000000 -0.000000 0.408163 0.408163
1.000000 -0.000000 -7.755102 -7.755102
1.000000 -0.000000 -2.653061 -2.653061
