1 0.999996 0.010004
2 0.562199 0.202802
3 0.993757 -0.132356
4 0.035267 0.658555
5 1.000000 0.089278
6 0.903081 -0.098442
7 0.078634 0.632145
8 1.000000 0.076073
9 0.870097 -0.072061
10 0.141666 0.582304
11 1.000000 0.051152
12 0.782246 0.003330
13 0.520798 0.240866
14 0.997580 -0.117147
15 0.050754 0.650672
16 1.000000 0.085336
17 0.894108 -0.091440
18 0.092289 0.621991
19 1.000000 0.070996
20 0.855065 -0.059567
21 0.184047 0.546170
22 0.999999 0.033086
23 0.695753 0.080790
24 0.882855 -0.082460
25 0.112895 0.605875
26 1.000000 0.062938
27 0.828273 -0.036804
28 0.284935 0.456662
29 0.999989 -0.011658
30 0.427650 0.326521
31 0.999715 -0.076455
32 0.128828 0.592945
33 1.000000 0.056473
34 0.804053 -0.015817
35 0.402415 0.349677
36 0.999840 -0.065002
37 0.164510 0.562989
38 0.999999 0.041495
39 0.738344 0.042404
40 0.742708 0.038494
41 0.723591 0.055656
42 0.800817 -0.012988
43 0.419528 0.333978
44 0.999764 -0.072775
45 0.139510 0.584103
46 1.000000 0.052052
47 0.786053 -0.000027
48 0.499830 0.260156
49 0.998505 -0.108427
50 0.062347 0.643440
51 1.000000 0.081720
52 0.885238 -0.084378
53 0.108181 0.609630
54 1.000000 0.064815
55 0.834848 -0.042440
56 0.257118 0.481662
57 0.999994 0.000837
58 0.505229 0.255189
59 0.998307 -0.110713
60 0.059088 0.645555
61 1.000000 0.082778
62 0.887898 -0.086509
63 0.103149 0.613597
64 1.000000 0.066799
65 0.841572 -0.048172
66 0.230710 0.505203
67 0.999997 0.012605
68 0.578136 0.188167
69 0.991024 -0.136940
70 0.031569 0.659961
71 1.000000 0.089981
72 0.904609 -0.099618
73 0.076530 0.633661
74 1.000000 0.076831
75 0.872224 -0.073809
76 0.136436 0.586660
77 1.000000 0.053330
78 0.791380 -0.004714
79 0.470569 0.287074
80 0.999237 -0.095700
81 0.083747 0.628403
82 1.000000 0.074202
83 0.864718 -0.067617
84 0.155720 0.570472
85 0.999999 0.045237
86 0.756008 0.026611
87 0.660442 0.112863
88 0.943831 -0.127399
89 0.039735 0.656566
90 1.000000 0.088283
91 0.900883 -0.096741
92 0.081770 0.629859
93 1.000000 0.074930
94 0.866833 -0.069368
95 0.150051 0.575265
96 0.999999 0.047633
97 0.766889 0.016928
98 0.604247 0.164217
99 0.983784 -0.141676
100 0.028143 0.661019
101 1.000000 0.090509
102 0.905743 -0.100489
103 0.075006 0.634750
104 1.000000 0.077375
105 0.873733 -0.075045
106 0.132834 0.589643
107 1.000000 0.054822
108 0.797469 -0.010058
109 0.437466 0.317505
110 0.999643 -0.080891
111 0.116885 0.602670
112 1.000000 0.061335
113 0.822500 -0.031833
114 0.310920 0.433164
115 0.999980 -0.023398
116 0.357792 0.390509
117 0.999942 -0.044688
118 0.246531 0.491125
119 0.999995 0.005567
120 0.534739 0.228045
121 0.996669 -0.122647
122 0.044525 0.654152
123 1.000000 0.087076
124 0.898156 -0.094618
125 0.085846 0.626845
126 1.000000 0.073423
127 0.862424 -0.065713
128 0.162082 0.565062
129 0.999999 0.042532
130 0.743319 0.037947
131 0.720849 0.058124
132 0.810476 -0.021414
133 0.369270 0.380023
134 0.999925 -0.049914
135 0.223074 0.511969
136 0.999997 0.015987
137 0.598612 0.169382
138 0.985720 -0.141030
139 0.028589 0.660897
140 1.000000 0.090448
141 0.905613 -0.100389
142 0.075180 0.634626
143 1.000000 0.077313
144 0.873562 -0.074906
145 0.133237 0.589311
146 1.000000 0.054656
147 0.796797 -0.009469
148 0.441094 0.314171
149 0.999612 -0.082526
150 0.112729 0.606007
151 1.000000 0.063004
152 0.828509 -0.037007
153 0.283904 0.457593
154 0.999989 -0.011193
155 0.430498 0.323906
156 0.999696 -0.077743
157 0.125256 0.595873
158 1.000000 0.057937
159 0.809755 -0.020787
160 0.372931 0.376676
161 0.999919 -0.051581
162 0.215935 0.518275
163 0.999998 0.019140
164 0.617393 0.152177
165 0.978213 -0.142125
166 0.027838 0.661100
167 1.000000 0.090550
168 0.905830 -0.100555
169 0.074892 0.634831
170 1.000000 0.077416
171 0.873845 -0.075137
172 0.132570 0.589862
173 1.000000 0.054931
174 0.797910 -0.010444
175 0.435091 0.319687
176 0.999662 -0.079819
177 0.119680 0.600411
178 1.000000 0.060206
179 0.818341 -0.028238
180 0.330496 0.415385
181 0.999969 -0.032277
182 0.308548 0.435313
183 0.999981 -0.022325
184 0.363984 0.384854
185 0.999934 -0.047507
186 0.233676 0.502570
187 0.999997 0.011289
188 0.570090 0.195555
189 0.992526 -0.134749
190 0.033287 0.659338
191 1.000000 0.089669
192 0.903935 -0.099100
193 0.077450 0.633000
194 1.000000 0.076500
195 0.871299 -0.073050
196 0.138687 0.584788
197 1.000000 0.052395
198 0.787490 -0.001293
199 0.491919 0.267434
200 0.998753 -0.105036
201 0.067490 0.639992
202 1.000000 0.079996
203 0.880787 -0.080789
204 0.117148 0.602457
205 1.000000 0.061229
206 0.822112 -0.031498
207 0.312718 0.431533
208 0.999979 -0.024213
209 0.353128 0.394765
210 0.999948 -0.042566
211 0.256519 0.482198
212 0.999994 0.001105
213 0.506906 0.253647
214 0.998241 -0.111417
215 0.058116 0.646175
216 1.000000 0.083088
217 0.888666 -0.087123
218 0.101738 0.614701
219 1.000000 0.067351
220 0.843403 -0.049727
221 0.223882 0.511254
222 0.999997 0.015630
223 0.596463 0.171352
224 0.986397 -0.140721
225 0.028803 0.660836
226 1.000000 0.090418
227 0.905548 -0.100339
228 0.075266 0.634565
229 1.000000 0.077282
230 0.873477 -0.074836
231 0.133438 0.589144
232 1.000000 0.054573
233 0.796460 -0.009174
234 0.442914 0.312500
235 0.999596 -0.083346
236 0.110697 0.607630
237 1.000000 0.063815
238 0.831372 -0.039465
239 0.271580 0.468687
240 0.999992 -0.005648
241 0.464757 0.292419
242 0.999332 -0.093122
243 0.088825 0.624613
244 1.000000 0.072307
245 0.859080 -0.062927
246 0.171765 0.556772
247 0.999999 0.038387
248 0.723055 0.056138
249 0.802732 -0.014663
250 0.409371 0.343297
251 0.999813 -0.068164
252 0.153931 0.571987
253 0.999999 0.045994
254 0.759485 0.023512
255 0.642862 0.128894
256 0.961667 -0.137220
257 0.031356 0.660034
258 1.000000 0.090017
259 0.904688 -0.099679
260 0.076423 0.633738
261 1.000000 0.076869
262 0.872331 -0.073896
263 0.136178 0.586874
264 1.000000 0.053437
265 0.791821 -0.005102
266 0.468155 0.289294
267 0.999278 -0.094631
268 0.085820 0.626864
269 1.000000 0.073432
270 0.862452 -0.065736
271 0.162003 0.565129
272 0.999999 0.042565
273 0.743479 0.037804
274 0.720128 0.058774
275 0.812957 -0.023570
276 0.356806 0.391409
277 0.999944 -0.044239
278 0.248621 0.489260
279 0.999995 0.004635
280 0.528935 0.233383
281 0.997084 -0.120392
282 0.046985 0.652819
283 1.000000 0.086410
284 0.896622 -0.093417
285 0.088231 0.625060
286 1.000000 0.072530
287 0.859755 -0.063490
288 0.169771 0.558484
289 0.999999 0.039243
290 0.727321 0.052300
291 0.787095 -0.000945
292 0.494095 0.265432
293 0.998689 -0.105973
294 0.066031 0.640983
295 1.000000 0.080492
296 0.882081 -0.081835
297 0.114469 0.604614
298 1.000000 0.062307
299 0.826020 -0.034866
300 0.294910 0.447657
301 0.999986 -0.016158
302 0.400365 0.351556
303 0.999848 -0.064070
304 0.167739 0.560227
305 0.999999 0.040114
306 0.731619 0.048438
307 0.770466 0.013753
308 0.585118 0.181759
309 0.989481 -0.138601
310 0.030324 0.660376
311 1.000000 0.090188
312 0.905055 -0.099961
313 0.075927 0.634093
314 1.000000 0.077047
315 0.872824 -0.074301
316 0.134992 0.587858
317 1.000000 0.053929
318 0.793841 -0.006876
319 0.457131 0.299431
320 0.999439 -0.089724
321 0.095947 0.619191
322 1.000000 0.069596
323 0.850674 -0.055876
324 0.198309 0.533753
325 0.999998 0.026878
326 0.661941 0.111498
327 0.941994 -0.126245
328 0.040851 0.656027
329 1.000000 0.088014
330 0.900280 -0.096273
331 0.082654 0.629210
332 1.000000 0.074605
333 0.865893 -0.068591
334 0.152546 0.573159
335 0.999999 0.046580
336 0.762149 0.021141
337 0.629136 0.141434
338 0.971691 -0.140974
339 0.028627 0.660886
340 1.000000 0.090443
341 0.905601 -0.100380
342 0.075195 0.634615
343 1.000000 0.077308
344 0.873547 -0.074893
345 0.133273 0.589281
346 1.000000 0.054641
347 0.796737 -0.009416
348 0.441419 0.313873
349 0.999609 -0.082673
350 0.112364 0.606300
351 1.000000 0.063150
352 0.829028 -0.037453
353 0.281644 0.459630
354 0.999990 -0.010175
355 0.436748 0.318165
356 0.999649 -0.080567
357 0.117724 0.601993
358 1.000000 0.060997
359 0.821262 -0.030763
360 0.316677 0.427942
361 0.999977 -0.026007
362 0.342952 0.404044
363 0.999959 -0.037937
364 0.279202 0.461829
365 0.999990 -0.009076
366 0.443519 0.311943
367 0.999590 -0.083618
368 0.110028 0.608163
369 1.000000 0.064082
370 0.832303 -0.040263
371 0.267652 0.472216
372 0.999993 -0.003884
373 0.475742 0.282316
374 0.999140 -0.097982
375 0.079471 0.631538
376 1.000000 0.075769
377 0.869236 -0.071352
378 0.143835 0.580489
379 1.000000 0.050245
380 0.778358 0.006764
381 0.542175 0.221207
382 0.996050 -0.125447
383 0.041640 0.655637
384 1.000000 0.087819
385 0.899841 -0.095932
386 0.083302 0.628732
387 1.000000 0.074366
388 0.865198 -0.068015
389 0.154417 0.571576
390 0.999999 0.045789
391 0.758544 0.024350
392 0.647656 0.124519
393 0.957425 -0.135165
394 0.032954 0.659463
395 1.000000 0.089732
396 0.904070 -0.099205
397 0.077264 0.633134
398 1.000000 0.076567
399 0.871487 -0.073204
400 0.138227 0.585171
401 1.000000 0.052586
402 0.788291 -0.001997
403 0.487518 0.271483
404 0.998873 -0.103132
405 0.070549 0.637885
406 1.000000 0.078943
407 0.877994 -0.078523
408 0.123136 0.597603
409 1.000000 0.058802
410 0.813064 -0.023663
411 0.356271 0.391897
412 0.999944 -0.043996
413 0.249759 0.488243
414 0.999995 0.004126
415 0.525767 0.236296
416 0.997288 -0.119140
417 0.048406 0.652023
418 1.000000 0.086012
419 0.895696 -0.092690
420 0.089703 0.623951
421 1.000000 0.071976
422 0.858075 -0.062087
423 0.174771 0.554186
424 0.999999 0.037094
425 0.716536 0.062011
426 0.824953 -0.033948
427 0.299708 0.443318
428 0.999985 -0.018326
429 0.387428 0.363410
430 0.999887 -0.058182
431 0.189303 0.541606
432 0.999999 0.030804
433 0.683545 0.091857
434 0.908581 -0.102653
435 0.071338 0.637336
436 1.000000 0.078668
437 0.877256 -0.077922
438 0.124766 0.596273
439 1.000000 0.058137
440 0.810524 -0.021456
441 0.369027 0.380245
442 0.999926 -0.049803
443 0.223553 0.511545
444 0.999997 0.015776
445 0.597339 0.170549
446 0.986125 -0.140851
447 0.028713 0.660862
448 1.000000 0.090431
449 0.905576 -0.100360
450 0.075229 0.634591
451 1.000000 0.077295
452 0.873513 -0.074865
453 0.133352 0.589215
454 1.000000 0.054608
455 0.796603 -0.009299
456 0.442142 0.313209
457 0.999603 -0.082998
458 0.111555 0.606946
459 1.000000 0.063473
460 0.830170 -0.038433
461 0.276711 0.464072
462 0.999991 -0.007955
463 0.450446 0.305576
464 0.999519 -0.086731
465 0.102636 0.613999
466 1.000000 0.067000
467 0.842240 -0.048740
468 0.228200 0.507430
469 0.999997 0.013718
470 0.584907 0.181952
471 0.989531 -0.138555
472 0.030358 0.660365
473 1.000000 0.090182
474 0.905043 -0.099952
475 0.075942 0.634082
476 1.000000 0.077041
477 0.872809 -0.074288
478 0.135029 0.587827
479 1.000000 0.053914
480 0.793777 -0.006820
481 0.457477 0.299113
482 0.999435 -0.089879
483 0.095612 0.619449
484 1.000000 0.069725
485 0.851083 -0.056220
486 0.196944 0.534946
487 0.999998 0.027475
488 0.665269 0.108468
489 0.937714 -0.123480
490 0.043647 0.654613
491 1.000000 0.087307
492 0.898682 -0.095029
493 0.085043 0.627443
494 1.000000 0.073721
495 0.863308 -0.066447
496 0.159605 0.567172
497 0.999999 0.043586
498 0.748318 0.033475
499 0.697808 0.078930
500 0.877959 -0.078495
501 0.123212 0.597541
502 1.000000 0.058771
503 0.812947 -0.023561
504 0.356857 0.391363
505 0.999944 -0.044262
506 0.248513 0.489356
507 0.999995 0.004683
508 0.529233 0.233108
509 0.997064 -0.120510
510 0.046853 0.652892
511 1.000000 0.086446
512 0.896706 -0.093483
513 0.088099 0.625160
514 1.000000 0.072580
515 0.859905 -0.063615
516 0.169331 0.558861
517 0.999999 0.039432
518 0.728255 0.051460
519 0.783556 0.002175
520 0.513587 0.247500
521 0.997949 -0.114199
522 0.054424 0.648476
523 1.000000 0.084238
524 0.891480 -0.089361
525 0.096736 0.618584
526 1.000000 0.069292
527 0.849707 -0.055060
528 0.201570 0.530900
529 0.999998 0.025452
530 0.653915 0.118811
531 0.951213 -0.131807
532 0.035737 0.658360
533 1.000000 0.089180
534 0.902867 -0.098277
535 0.078933 0.631928
536 1.000000 0.075964
537 0.869790 -0.071808
538 0.142436 0.581660
539 1.000000 0.050831
540 0.780874 0.004542
541 0.528355 0.233916
542 0.997122 -0.120164
543 0.047240 0.652677
544 1.000000 0.086339
545 0.896457 -0.093288
546 0.088491 0.624865
547 1.000000 0.072433
548 0.859461 -0.063244
549 0.170639 0.557739
550 0.999999 0.038871
551 0.725471 0.053965
552 0.793985 -0.007003
553 0.456346 0.300153
554 0.999449 -0.089373
555 0.096711 0.618603
556 1.000000 0.069302
557 0.849737 -0.055086
558 0.201465 0.530991
559 0.999998 0.025497
560 0.654174 0.118575
561 0.950939 -0.131651
562 0.035872 0.658303
563 1.000000 0.089151
564 0.902805 -0.098229
565 0.079020 0.631865
566 1.000000 0.075933
567 0.869701 -0.071734
568 0.142661 0.581471
569 1.000000 0.050736
570 0.780470 0.004898
571 0.530577 0.231872
572 0.996972 -0.121036
573 0.046270 0.653213
574 1.000000 0.086606
575 0.897077 -0.093774
576 0.087517 0.625597
577 1.000000 0.072798
578 0.860561 -0.064162
579 0.167416 0.560503
580 0.999999 0.040252
581 0.732298 0.047829
582 0.767761 0.016153
583 0.599606 0.168470
584 0.985396 -0.141161
585 0.028498 0.660922
586 1.000000 0.090461
587 0.905640 -0.100410
588 0.075143 0.634652
589 1.000000 0.077326
590 0.873598 -0.074935
591 0.133153 0.589380
592 1.000000 0.054690
593 0.796937 -0.009592
594 0.440336 0.314868
595 0.999619 -0.082185
596 0.113587 0.605321
597 1.000000 0.062661
598 0.827287 -0.035956
599 0.289275 0.452747
600 0.999988 -0.013614
601 0.415722 0.337471
602 0.999783 -0.071048
603 0.144773 0.579703
604 0.999999 0.049852
605 0.776659 0.008267
606 0.551486 0.212648
607 0.995113 -0.128789
608 0.038430 0.657175
609 1.000000 0.088588
610 0.901561 -0.097267
611 0.080788 0.630578
612 1.000000 0.075289
613 0.867867 -0.070222
614 0.147348 0.577541
615 0.999999 0.048771
616 0.771936 0.012449
617 0.577186 0.189039
618 0.991216 -0.136696
619 0.031756 0.659896
620 1.000000 0.089948
621 0.904538 -0.099564
622 0.076625 0.633593
623 1.000000 0.076796
624 0.872129 -0.073730
625 0.136666 0.586469
626 1.000000 0.053235
627 0.790984 -0.004367
628 0.472734 0.285083
629 0.999198 -0.096656
630 0.081930 0.629741
631 1.000000 0.074871
632 0.866663 -0.069228
633 0.150499 0.574887
634 0.999999 0.047444
635 0.766044 0.017678
636 0.608725 0.160114
637 0.982064 -0.142007
638 0.027918 0.661079
639 1.000000 0.090539
640 0.905807 -0.100538
641 0.074921 0.634810
642 1.000000 0.077405
643 0.873816 -0.075113
644 0.132638 0.589805
645 1.000000 0.054903
646 0.797796 -0.010345
647 0.435703 0.319125
648 0.999657 -0.080095
649 0.118954 0.600998
650 1.000000 0.060499
651 0.819429 -0.029179
652 0.325308 0.420103
653 0.999973 -0.029921
654 0.321251 0.423789
655 0.999975 -0.028081
656 0.331366 0.414594
657 0.999968 -0.032672
658 0.306446 0.437218
659 0.999982 -0.021373
660 0.369509 0.379804
661 0.999925 -0.050023
662 0.222603 0.512386
663 0.999997 0.016196
664 0.599863 0.168235
665 0.985311 -0.141194
666 0.028475 0.660928
667 1.000000 0.090464
668 0.905647 -0.100415
669 0.075135 0.634658
670 1.000000 0.077329
671 0.873606 -0.074942
672 0.133132 0.589397
673 1.000000 0.054699
674 0.796972 -0.009622
675 0.440148 0.315040
676 0.999620 -0.082100
677 0.113800 0.605150
678 1.000000 0.062575
679 0.826982 -0.035694
680 0.290625 0.451528
681 0.999987 -0.014223
682 0.412028 0.340860
683 0.999801 -0.069371
684 0.150042 0.575273
685 0.999999 0.047637
686 0.766906 0.016912
687 0.604153 0.164303
688 0.983818 -0.141667
689 0.028149 0.661017
690 1.000000 0.090509
691 0.905742 -0.100487
692 0.075008 0.634748
693 1.000000 0.077374
694 0.873730 -0.075043
695 0.132839 0.589639
696 1.000000 0.054820
697 0.797460 -0.010050
698 0.437514 0.317461
699 0.999643 -0.080912
700 0.116830 0.602714
701 1.000000 0.061357
702 0.822581 -0.031903
703 0.310546 0.433503
704 0.999980 -0.023229
705 0.358766 0.389620
706 0.999941 -0.045131
707 0.244478 0.492956
708 0.999996 0.006483
709 0.540428 0.222813
710 0.996205 -0.124799
711 0.042291 0.655310
712 1.000000 0.087655
713 0.899472 -0.095645
714 0.083853 0.628325
715 1.000000 0.074163
716 0.864604 -0.067522
717 0.156031 0.570208
718 0.999999 0.045104
719 0.755398 0.027154
720 0.663484 0.110093
721 0.940044 -0.124998
722 0.042090 0.655411
723 1.000000 0.087706
724 0.899587 -0.095734
725 0.083681 0.628452
726 1.000000 0.074226
727 0.864789 -0.067676
728 0.155526 0.570636
729 0.999999 0.045319
730 0.756386 0.026273
731 0.658547 0.114589
732 0.946075 -0.128781
733 0.038438 0.657172
734 1.000000 0.088586
735 0.901557 -0.097264
736 0.080794 0.630574
737 1.000000 0.075287
738 0.867861 -0.070218
739 0.147363 0.577529
740 0.999999 0.048765
741 0.771909 0.012474
742 0.577335 0.188902
743 0.991186 -0.136735
744 0.031726 0.659906
745 1.000000 0.089953
746 0.904550 -0.099573
747 0.076610 0.633604
748 1.000000 0.076802
749 0.872144 -0.073743
750 0.136629 0.586499
751 1.000000 0.053250
752 0.791047 -0.004422
753 0.472388 0.285400
754 0.999204 -0.096504
755 0.082218 0.629531
756 1.000000 0.074765
757 0.866358 -0.068976
758 0.151306 0.574206
759 0.999999 0.047103
760 0.764513 0.019038
761 0.616792 0.152727
762 0.978504 -0.142141
763 0.027827 0.661102
764 1.000000 0.090551
765 0.905833 -0.100557
766 0.074888 0.634834
767 1.000000 0.077417
768 0.873849 -0.075140
769 0.132560 0.589869
770 1.000000 0.054935
771 0.797925 -0.010458
772 0.435008 0.319763
773 0.999663 -0.079781
774 0.119778 0.600331
775 1.000000 0.060166
776 0.818192 -0.028109
777 0.331209 0.414737
778 0.999969 -0.032600
779 0.306824 0.436875
780 0.999982 -0.021544
781 0.368512 0.380716
782 0.999926 -0.049569
783 0.224573 0.510643
784 0.999997 0.015324
785 0.594623 0.173040
786 0.986952 -0.140432
787 0.029006 0.660778
788 1.000000 0.090389
789 0.905486 -0.100291
790 0.075349 0.634505
791 1.000000 0.077253
792 0.873395 -0.074769
793 0.133632 0.588984
794 1.000000 0.054492
795 0.796134 -0.008888
796 0.444676 0.310880
797 0.999579 -0.084139
798 0.108760 0.609171
799 1.000000 0.064586
800 0.834054 -0.041762
801 0.260371 0.478748
802 0.999994 -0.000620
803 0.496126 0.263564
804 0.998627 -0.106845
805 0.064699 0.641878
806 1.000000 0.080939
807 0.883241 -0.082771
808 0.112119 0.606495
809 1.000000 0.063248
810 0.829374 -0.037750
811 0.280143 0.460982
812 0.999990 -0.009499
813 0.440909 0.314342
814 0.999614 -0.082443
815 0.112939 0.605840
816 1.000000 0.062920
817 0.828212 -0.036752
818 0.285205 0.456420
819 0.999989 -0.011779
820 0.426908 0.327202
821 0.999720 -0.076119
822 0.129773 0.592168
823 1.000000 0.056084
824 0.802518 -0.014475
825 0.410503 0.342259
826 0.999808 -0.068678
827 0.152264 0.573397
828 0.999999 0.046699
829 0.762688 0.020661
830 0.626337 0.143993
831 0.973399 -0.141402
832 0.028331 0.660968
833 1.000000 0.090484
834 0.905689 -0.100447
835 0.075078 0.634698
836 1.000000 0.077349
837 0.873662 -0.074987
838 0.133001 0.589505
839 1.000000 0.054753
840 0.797190 -0.009813
841 0.438972 0.316121
842 0.999631 -0.081570
843 0.115143 0.604072
844 1.000000 0.062036
845 0.825045 -0.034027
846 0.299293 0.443693
847 0.999985 -0.018138
848 0.388540 0.362391
849 0.999884 -0.058688
850 0.187367 0.543289
851 0.999999 0.031646
852 0.688077 0.087746
853 0.899678 -0.095805
854 0.083545 0.628553
855 1.000000 0.074276
856 0.864937 -0.067798
857 0.155125 0.570976
858 0.999999 0.045489
859 0.757168 0.025576
860 0.654619 0.118169
861 0.950463 -0.131378
862 0.036108 0.658203
863 1.000000 0.089101
864 0.902695 -0.098144
865 0.079175 0.631753
866 1.000000 0.075876
867 0.869542 -0.071603
868 0.143062 0.581136
869 1.000000 0.050569
870 0.779750 0.005534
871 0.534531 0.228236
872 0.996685 -0.122567
873 0.044610 0.654107
874 1.000000 0.087054
875 0.898105 -0.094578
876 0.085925 0.626787
877 1.000000 0.073393
878 0.862337 -0.065640
879 0.162328 0.564851
880 0.999999 0.042426
881 0.742817 0.038396
882 0.723103 0.056095
883 0.802559 -0.014512
884 0.410283 0.342461
885 0.999809 -0.068578
886 0.152587 0.573124
887 0.999999 0.046562
888 0.762070 0.021212
889 0.629551 0.141055
890 0.971429 -0.140901
891 0.028678 0.660872
892 1.000000 0.090436
893 0.905586 -0.100368
894 0.075215 0.634601
895 1.000000 0.077300
896 0.873527 -0.074877
897 0.133319 0.589242
898 1.000000 0.054621
899 0.796658 -0.009347
900 0.441843 0.313483
901 0.999605 -0.082864
902 0.111888 0.606680
903 1.000000 0.063340
904 0.829700 -0.038030
905 0.278734 0.462251
906 0.999990 -0.008865
907 0.444821 0.310747
908 0.999577 -0.084204
909 0.108602 0.609296
910 1.000000 0.064648
911 0.834272 -0.041947
912 0.259478 0.479548
913 0.999994 -0.000220
914 0.498628 0.261262
915 0.998545 -0.107914
916 0.063100 0.642943
917 1.000000 0.081472
918 0.884606 -0.083870
919 0.109413 0.608652
920 1.000000 0.064326
921 0.833155 -0.040992
922 0.264093 0.475411
923 0.999993 -0.002288
924 0.485706 0.273151
925 0.998919 -0.102344
926 0.071851 0.636977
927 1.000000 0.078489
928 0.876772 -0.077528
929 0.125846 0.595390
930 1.000000 0.057695
931 0.808824 -0.019976
932 0.377681 0.372331
933 0.999909 -0.053744
934 0.206919 0.526209
935 0.999998 0.023106
936 0.640529 0.131024
937 0.963582 -0.138070
938 0.030717 0.660248
939 1.000000 0.090124
940 0.904918 -0.099856
941 0.076111 0.633961
942 1.000000 0.076981
943 0.872641 -0.074151
944 0.135431 0.587494
945 1.000000 0.053747
946 0.793095 -0.006222
947 0.461193 0.295696
948 0.999384 -0.091536
949 0.092088 0.622144
950 1.000000 0.071072
951 0.855302 -0.059766
952 0.183299 0.546818
953 0.999999 0.033410
954 0.697464 0.079241
955 0.878790 -0.079169
956 0.121400 0.599015
957 1.000000 0.059508
958 0.815732 -0.025978
959 0.343113 0.403898
960 0.999959 -0.038010
961 0.278835 0.462160
962 0.999990 -0.008910
963 0.444540 0.311004
964 0.999580 -0.084078
965 0.108908 0.609053
966 1.000000 0.064527
967 0.833851 -0.041588
968 0.261208 0.477998
969 0.999994 -0.000995
970 0.493784 0.265719
971 0.998699 -0.105839
972 0.066237 0.640843
973 1.000000 0.080422
974 0.881900 -0.081689
975 0.114841 0.604315
976 1.000000 0.062158
977 0.825482 -0.034403
978 0.297323 0.445475
979 0.999985 -0.017248
980 0.393842 0.357535
981 0.999869 -0.061101
982 0.178354 0.551095
983 0.999999 0.035549
984 0.708624 0.069150
985 0.849252 -0.054677
986 0.203117 0.529544
987 0.999998 0.024774
988 0.650071 0.122316
989 0.955123 -0.133965
990 0.033924 0.659094
991 1.000000 0.089547
992 0.903669 -0.098895
993 0.077817 0.632735
994 1.000000 0.076368
995 0.870929 -0.072745
996 0.139599 0.584028
997 1.000000 0.052015
998 0.785896 0.000111
999 0.500693 0.259362
